Node,X,Y,Z,Imperfection
1.0,14.966503100000002,1.0018894700000027,30.0,0.0
2.0,14.866162300000001,1.9993042900000026,30.0,0.0
3.0,14.699425700000003,2.9877898700000025,30.0,0.0
4.0,14.467037200000002,3.9629309200000025,30.0,0.0
5.0,14.170036300000001,4.920372960000003,30.0,0.0
6.0,13.809748600000002,5.8558392500000025,30.0,0.0
7.0,13.387782100000003,6.765151980000002,30.0,0.0
8.0,12.906024000000002,7.644249440000003,30.0,0.0
9.0,12.366623900000002,8.489206310000002,30.0,0.0
10.0,11.771990800000001,9.296248440000001,30.0,0.0
11.0,11.124781600000002,10.061771400000001,30.0,0.0
12.0,10.427886000000003,10.782355300000003,30.0,0.0
13.0,9.684417720000003,11.454782500000002,30.0,0.0
14.0,8.897696500000002,12.076050800000003,30.0,0.0
15.0,8.071235660000001,12.643384000000001,30.0,0.0
16.0,7.208726410000001,13.154249200000002,30.0,0.0
17.0,6.314021590000001,13.606363300000002,30.0,0.0
18.0,5.391116620000001,13.997709300000002,30.0,0.0
19.0,4.444133760000001,14.326537100000001,30.0,0.0
20.0,3.4773023100000007,14.591380100000002,30.0,0.0
21.0,2.4949402800000007,14.791053800000002,30.0,0.0
22.0,1.501435400000001,14.924667400000002,30.0,0.0
23.0,0.501224637000001,14.991623900000002,30.0,0.0
24.0,-0.501224636999999,14.991623900000002,30.0,0.0
25.0,-1.5014353999999992,14.924667400000002,30.0,0.0
26.0,-2.494940279999999,14.791053800000002,30.0,0.0
27.0,-3.477302309999999,14.591380100000002,30.0,0.0
28.0,-4.444133759999999,14.326537100000001,30.0,0.0
29.0,-5.391116619999999,13.997709300000002,30.0,0.0
30.0,-6.314021589999999,13.606363300000002,30.0,0.0
31.0,-7.208726409999999,13.154249200000002,30.0,0.0
32.0,-8.071235659999997,12.643384000000001,30.0,0.0
33.0,-8.897696499999999,12.076050800000003,30.0,0.0
34.0,-9.684417719999999,11.454782500000002,30.0,0.0
35.0,-10.427885999999999,10.782355300000003,30.0,0.0
36.0,-11.124781599999999,10.061771400000001,30.0,0.0
37.0,-11.771990799999998,9.296248440000001,30.0,0.0
38.0,-12.366623899999999,8.489206310000002,30.0,0.0
39.0,-12.906023999999999,7.644249440000001,30.0,0.0
40.0,-13.387782099999999,6.765151980000001,30.0,0.0
41.0,-13.809748599999999,5.855839250000001,30.0,0.0
42.0,-14.170036299999998,4.920372960000001,30.0,0.0
43.0,-14.467037199999998,3.9629309200000007,30.0,0.0
44.0,-14.699425699999999,2.9877898700000007,30.0,0.0
45.0,-14.866162299999997,1.9993042900000009,30.0,0.0
46.0,-14.966503099999999,1.001889470000001,30.0,0.0
47.0,-14.999999999999998,9.18485099360515e-16,30.0,0.0
48.0,-14.966503099999999,-1.0018894699999992,30.0,0.0
49.0,-14.866162299999997,-1.999304289999999,30.0,0.0
50.0,-14.699425699999999,-2.987789869999999,30.0,0.0
51.0,-14.467037199999998,-3.962930919999999,30.0,0.0
52.0,-14.170036299999998,-4.920372959999999,30.0,0.0
53.0,-13.809748599999999,-5.855839249999999,30.0,0.0
54.0,-13.387782099999999,-6.765151979999999,30.0,0.0
55.0,-12.906023999999999,-7.644249439999999,30.0,0.0
56.0,-12.366623899999999,-8.489206309999998,30.0,0.0
57.0,-11.771990799999998,-9.296248439999998,30.0,0.0
58.0,-11.124781599999999,-10.061771399999998,30.0,0.0
59.0,-10.427885999999999,-10.782355299999999,30.0,0.0
60.0,-9.684417719999999,-11.454782499999999,30.0,0.0
61.0,-8.897696499999999,-12.076050799999999,30.0,0.0
62.0,-8.071235659999997,-12.643383999999998,30.0,0.0
63.0,-7.208726409999997,-13.154249199999999,30.0,0.0
64.0,-6.314021589999998,-13.606363299999998,30.0,0.0
65.0,-5.391116619999997,-13.997709299999999,30.0,0.0
66.0,-4.444133759999997,-14.326537099999998,30.0,0.0
67.0,-3.477302309999997,-14.591380099999999,30.0,0.0
68.0,-2.494940279999997,-14.791053799999998,30.0,0.0
69.0,-1.5014353999999974,-14.924667399999999,30.0,0.0
70.0,-0.5012246369999972,-14.991623899999999,30.0,0.0
71.0,0.5012246370000027,-14.991623899999999,30.0,0.0
72.0,1.5014354000000028,-14.924667399999999,30.0,0.0
73.0,2.4949402800000025,-14.791053799999998,30.0,0.0
74.0,3.4773023100000024,-14.591380099999999,30.0,0.0
75.0,4.444133760000002,-14.326537099999998,30.0,0.0
76.0,5.391116620000003,-13.997709299999999,30.0,0.0
77.0,6.314021590000003,-13.606363299999998,30.0,0.0
78.0,7.208726410000002,-13.154249199999999,30.0,0.0
79.0,8.071235660000001,-12.643383999999998,30.0,0.0
80.0,8.897696500000002,-12.076050799999999,30.0,0.0
81.0,9.684417720000003,-11.454782499999999,30.0,0.0
82.0,10.427886000000003,-10.782355299999999,30.0,0.0
83.0,11.124781600000002,-10.061771399999998,30.0,0.0
84.0,11.771990800000001,-9.296248439999998,30.0,0.0
85.0,12.366623900000002,-8.489206309999998,30.0,0.0
86.0,12.906024000000002,-7.644249439999998,30.0,0.0
87.0,13.387782100000003,-6.765151979999997,30.0,0.0
88.0,13.809748600000002,-5.855839249999997,30.0,0.0
89.0,14.170036300000001,-4.920372959999997,30.0,0.0
90.0,15.913740962363102,-4.35922402360445,30.0,1.4999999999999998
91.0,16.169368256224697,-3.2865688542000417,30.0,1.5000000000000002
92.0,16.35277853272892,-2.1992347193670008,30.0,1.5
93.0,16.46315341814043,-1.1020784175449347,30.0,1.5
94.0,15.000000000000002,2.7554552980815448e-15,30.0,0.0
95.0,14.966503100000002,1.0018894700000027,29.0,0.0
96.0,14.866162300000001,1.9993042900000026,29.0,0.0
97.0,14.699425700000003,2.9877898700000025,29.0,0.0
98.0,14.467037200000002,3.9629309200000025,29.0,0.0
99.0,14.170036300000001,4.920372960000003,29.0,0.0
100.0,13.809748600000002,5.8558392500000025,29.0,0.0
101.0,13.387782100000003,6.765151980000002,29.0,0.0
102.0,12.906024000000002,7.644249440000003,29.0,0.0
103.0,12.366623900000002,8.489206310000002,29.0,0.0
104.0,11.771990800000001,9.296248440000001,29.0,0.0
105.0,11.124781600000002,10.061771400000001,29.0,0.0
106.0,10.427886000000003,10.782355300000003,29.0,0.0
107.0,9.684417720000003,11.454782500000002,29.0,0.0
108.0,8.897696500000002,12.076050800000003,29.0,0.0
109.0,8.071235660000001,12.643384000000001,29.0,0.0
110.0,7.208726410000001,13.154249200000002,29.0,0.0
111.0,6.314021590000001,13.606363300000002,29.0,0.0
112.0,5.391116620000001,13.997709300000002,29.0,0.0
113.0,4.444133760000001,14.326537100000001,29.0,0.0
114.0,3.4773023100000007,14.591380100000002,29.0,0.0
115.0,2.4949402800000007,14.791053800000002,29.0,0.0
116.0,1.501435400000001,14.924667400000002,29.0,0.0
117.0,0.5012246370000009,14.991623900000002,29.0,0.0
118.0,-0.5012246369999991,14.991623900000002,29.0,0.0
119.0,-1.5014353999999992,14.924667400000002,29.0,0.0
120.0,-2.494940279999999,14.791053800000002,29.0,0.0
121.0,-3.477302309999999,14.591380100000002,29.0,0.0
122.0,-4.444133759999999,14.326537100000001,29.0,0.0
123.0,-5.391116619999999,13.997709300000002,29.0,0.0
124.0,-6.314021589999999,13.606363300000002,29.0,0.0
125.0,-7.208726409999999,13.154249200000002,29.0,0.0
126.0,-8.071235659999997,12.643384000000001,29.0,0.0
127.0,-8.897696499999999,12.076050800000003,29.0,0.0
128.0,-9.684417719999999,11.454782500000002,29.0,0.0
129.0,-10.427885999999999,10.782355300000003,29.0,0.0
130.0,-11.124781599999999,10.061771400000001,29.0,0.0
131.0,-11.771990799999998,9.296248440000001,29.0,0.0
132.0,-12.366623899999999,8.489206310000002,29.0,0.0
133.0,-12.906023999999999,7.644249440000001,29.0,0.0
134.0,-13.387782099999999,6.765151980000001,29.0,0.0
135.0,-13.809748599999999,5.855839250000001,29.0,0.0
136.0,-14.170036299999998,4.920372960000001,29.0,0.0
137.0,-14.467037199999998,3.9629309200000007,29.0,0.0
138.0,-14.699425699999999,2.9877898700000007,29.0,0.0
139.0,-14.866162299999997,1.9993042900000009,29.0,0.0
140.0,-14.966503099999999,1.001889470000001,29.0,0.0
141.0,-14.999999999999998,8.572527594031472e-16,29.0,0.0
142.0,-14.966503099999999,-1.0018894699999992,29.0,0.0
143.0,-14.866162299999997,-1.999304289999999,29.0,0.0
144.0,-14.699425699999999,-2.987789869999999,29.0,0.0
145.0,-14.467037199999998,-3.962930919999999,29.0,0.0
146.0,-14.170036299999998,-4.920372959999999,29.0,0.0
147.0,-13.809748599999999,-5.855839249999999,29.0,0.0
148.0,-13.387782099999999,-6.765151979999999,29.0,0.0
149.0,-12.906023999999999,-7.644249439999999,29.0,0.0
150.0,-12.366623899999999,-8.489206309999998,29.0,0.0
151.0,-11.771990799999998,-9.296248439999998,29.0,0.0
152.0,-11.124781599999999,-10.061771399999998,29.0,0.0
153.0,-10.427885999999999,-10.782355299999999,29.0,0.0
154.0,-9.684417719999999,-11.454782499999999,29.0,0.0
155.0,-8.897696499999999,-12.076050799999999,29.0,0.0
156.0,-8.071235659999997,-12.643383999999998,29.0,0.0
157.0,-7.208726409999997,-13.154249199999999,29.0,0.0
158.0,-6.314021589999998,-13.606363299999998,29.0,0.0
159.0,-5.391116619999997,-13.997709299999999,29.0,0.0
160.0,-4.444133759999997,-14.326537099999998,29.0,0.0
161.0,-3.477302309999997,-14.591380099999999,29.0,0.0
162.0,-2.494940279999997,-14.791053799999998,29.0,0.0
163.0,-1.5014353999999974,-14.924667399999999,29.0,0.0
164.0,-0.5012246369999973,-14.991623899999999,29.0,0.0
165.0,0.5012246370000026,-14.991623899999999,29.0,0.0
166.0,1.5014354000000028,-14.924667399999999,29.0,0.0
167.0,2.4949402800000025,-14.791053799999998,29.0,0.0
168.0,3.4773023100000024,-14.591380099999999,29.0,0.0
169.0,4.444133760000002,-14.326537099999998,29.0,0.0
170.0,5.391116620000003,-13.997709299999999,29.0,0.0
171.0,6.314021590000003,-13.606363299999998,29.0,0.0
172.0,7.208726410000002,-13.154249199999999,29.0,0.0
173.0,8.071235660000001,-12.643383999999998,29.0,0.0
174.0,8.897696500000002,-12.076050799999999,29.0,0.0
175.0,9.684417720000003,-11.454782499999999,29.0,0.0
176.0,10.427886000000003,-10.782355299999999,29.0,0.0
177.0,11.124781600000002,-10.061771399999998,29.0,0.0
178.0,11.771990800000001,-9.296248439999998,29.0,0.0
179.0,12.366623900000002,-8.489206309999998,29.0,0.0
180.0,12.906024000000002,-7.644249439999998,29.0,0.0
181.0,13.387782100000003,-6.765151979999997,29.0,0.0
182.0,13.809748600000002,-5.855839249999997,29.0,0.0
183.0,14.170036300000001,-4.920372959999997,29.0,0.0
184.0,15.913740962363102,-4.35922402360445,29.0,1.4999999999999998
185.0,16.169368256224697,-3.2865688542000417,29.0,1.5000000000000002
186.0,16.35277853272892,-2.1992347193670008,29.0,1.5
187.0,16.46315341814043,-1.1020784175449347,29.0,1.5
188.0,15.000000000000002,2.6942229581241772e-15,29.0,0.0
189.0,14.966503100000002,1.0018894700000027,28.0,0.0
190.0,14.866162300000001,1.9993042900000026,28.0,0.0
191.0,14.699425700000003,2.9877898700000025,28.0,0.0
192.0,14.467037200000002,3.9629309200000025,28.0,0.0
193.0,14.170036300000001,4.920372960000003,28.0,0.0
194.0,13.809748600000002,5.8558392500000025,28.0,0.0
195.0,13.387782100000003,6.765151980000002,28.0,0.0
196.0,12.906024000000002,7.644249440000003,28.0,0.0
197.0,12.366623900000002,8.489206310000002,28.0,0.0
198.0,11.771990800000001,9.296248440000001,28.0,0.0
199.0,11.124781600000002,10.061771400000001,28.0,0.0
200.0,10.427886000000003,10.782355300000003,28.0,0.0
201.0,9.684417720000003,11.454782500000002,28.0,0.0
202.0,8.897696500000002,12.076050800000003,28.0,0.0
203.0,8.071235660000001,12.643384000000001,28.0,0.0
204.0,7.208726410000001,13.154249200000002,28.0,0.0
205.0,6.314021590000001,13.606363300000002,28.0,0.0
206.0,5.391116620000001,13.997709300000002,28.0,0.0
207.0,4.444133760000001,14.326537100000001,28.0,0.0
208.0,3.4773023100000007,14.591380100000002,28.0,0.0
209.0,2.4949402800000007,14.791053800000002,28.0,0.0
210.0,1.501435400000001,14.924667400000002,28.0,0.0
211.0,0.5012246370000008,14.991623900000002,28.0,0.0
212.0,-0.5012246369999992,14.991623900000002,28.0,0.0
213.0,-1.5014353999999992,14.924667400000002,28.0,0.0
214.0,-2.494940279999999,14.791053800000002,28.0,0.0
215.0,-3.477302309999999,14.591380100000002,28.0,0.0
216.0,-4.444133759999999,14.326537100000001,28.0,0.0
217.0,-5.391116619999999,13.997709300000002,28.0,0.0
218.0,-6.314021589999999,13.606363300000002,28.0,0.0
219.0,-7.208726409999999,13.154249200000002,28.0,0.0
220.0,-8.071235659999997,12.643384000000001,28.0,0.0
221.0,-8.897696499999999,12.076050800000003,28.0,0.0
222.0,-9.684417719999999,11.454782500000002,28.0,0.0
223.0,-10.427885999999999,10.782355300000003,28.0,0.0
224.0,-11.124781599999999,10.061771400000001,28.0,0.0
225.0,-11.771990799999998,9.296248440000001,28.0,0.0
226.0,-12.366623899999999,8.489206310000002,28.0,0.0
227.0,-12.906023999999999,7.644249440000001,28.0,0.0
228.0,-13.387782099999999,6.765151980000001,28.0,0.0
229.0,-13.809748599999999,5.855839250000001,28.0,0.0
230.0,-14.170036299999998,4.920372960000001,28.0,0.0
231.0,-14.467037199999998,3.9629309200000007,28.0,0.0
232.0,-14.699425699999999,2.9877898700000007,28.0,0.0
233.0,-14.866162299999997,1.9993042900000009,28.0,0.0
234.0,-14.966503099999999,1.001889470000001,28.0,0.0
235.0,-14.999999999999998,7.960204194457794e-16,28.0,0.0
236.0,-14.966503099999999,-1.0018894699999992,28.0,0.0
237.0,-14.866162299999997,-1.999304289999999,28.0,0.0
238.0,-14.699425699999999,-2.987789869999999,28.0,0.0
239.0,-14.467037199999998,-3.962930919999999,28.0,0.0
240.0,-14.170036299999998,-4.920372959999999,28.0,0.0
241.0,-13.809748599999999,-5.855839249999999,28.0,0.0
242.0,-13.387782099999999,-6.765151979999999,28.0,0.0
243.0,-12.906023999999999,-7.644249439999999,28.0,0.0
244.0,-12.366623899999999,-8.489206309999998,28.0,0.0
245.0,-11.771990799999998,-9.296248439999998,28.0,0.0
246.0,-11.124781599999999,-10.061771399999998,28.0,0.0
247.0,-10.427885999999999,-10.782355299999999,28.0,0.0
248.0,-9.684417719999999,-11.454782499999999,28.0,0.0
249.0,-8.897696499999999,-12.076050799999999,28.0,0.0
250.0,-8.071235659999997,-12.643383999999998,28.0,0.0
251.0,-7.208726409999997,-13.154249199999999,28.0,0.0
252.0,-6.314021589999998,-13.606363299999998,28.0,0.0
253.0,-5.391116619999997,-13.997709299999999,28.0,0.0
254.0,-4.444133759999997,-14.326537099999998,28.0,0.0
255.0,-3.477302309999997,-14.591380099999999,28.0,0.0
256.0,-2.494940279999997,-14.791053799999998,28.0,0.0
257.0,-1.5014353999999974,-14.924667399999999,28.0,0.0
258.0,-0.5012246369999974,-14.991623899999999,28.0,0.0
259.0,0.5012246370000025,-14.991623899999999,28.0,0.0
260.0,1.5014354000000028,-14.924667399999999,28.0,0.0
261.0,2.4949402800000025,-14.791053799999998,28.0,0.0
262.0,3.4773023100000024,-14.591380099999999,28.0,0.0
263.0,4.444133760000002,-14.326537099999998,28.0,0.0
264.0,5.391116620000003,-13.997709299999999,28.0,0.0
265.0,6.314021590000003,-13.606363299999998,28.0,0.0
266.0,7.208726410000002,-13.154249199999999,28.0,0.0
267.0,8.071235660000001,-12.643383999999998,28.0,0.0
268.0,8.897696500000002,-12.076050799999999,28.0,0.0
269.0,9.684417720000003,-11.454782499999999,28.0,0.0
270.0,10.427886000000003,-10.782355299999999,28.0,0.0
271.0,11.124781600000002,-10.061771399999998,28.0,0.0
272.0,11.771990800000001,-9.296248439999998,28.0,0.0
273.0,12.366623900000002,-8.489206309999998,28.0,0.0
274.0,12.906024000000002,-7.644249439999998,28.0,0.0
275.0,13.387782100000003,-6.765151979999997,28.0,0.0
276.0,13.809748600000002,-5.855839249999997,28.0,0.0
277.0,14.170036300000001,-4.920372959999997,28.0,0.0
278.0,15.913740962363102,-4.35922402360445,28.0,1.4999999999999998
279.0,16.169368256224697,-3.2865688542000417,28.0,1.5000000000000002
280.0,16.35277853272892,-2.1992347193670008,28.0,1.5000000000000002
281.0,16.46315341814043,-1.1020784175449347,28.0,1.5
282.0,15.000000000000002,2.6329906181668096e-15,28.0,0.0
283.0,14.966503100000002,1.0018894700000027,27.0,0.0
284.0,14.866162300000001,1.9993042900000026,27.0,0.0
285.0,14.699425700000003,2.9877898700000025,27.0,0.0
286.0,14.467037200000002,3.9629309200000025,27.0,0.0
287.0,14.170036300000001,4.920372960000003,27.0,0.0
288.0,13.809748600000002,5.8558392500000025,27.0,0.0
289.0,13.387782100000003,6.765151980000002,27.0,0.0
290.0,12.906024000000002,7.644249440000003,27.0,0.0
291.0,12.366623900000002,8.489206310000002,27.0,0.0
292.0,11.771990800000001,9.296248440000001,27.0,0.0
293.0,11.124781600000002,10.061771400000001,27.0,0.0
294.0,10.427886000000003,10.782355300000003,27.0,0.0
295.0,9.684417720000003,11.454782500000002,27.0,0.0
296.0,8.897696500000002,12.076050800000003,27.0,0.0
297.0,8.071235660000001,12.643384000000001,27.0,0.0
298.0,7.208726410000001,13.154249200000002,27.0,0.0
299.0,6.314021590000001,13.606363300000002,27.0,0.0
300.0,5.391116620000001,13.997709300000002,27.0,0.0
301.0,4.444133760000001,14.326537100000001,27.0,0.0
302.0,3.4773023100000007,14.591380100000002,27.0,0.0
303.0,2.4949402800000007,14.791053800000002,27.0,0.0
304.0,1.5014354000000008,14.924667400000002,27.0,0.0
305.0,0.5012246370000008,14.991623900000002,27.0,0.0
306.0,-0.5012246369999992,14.991623900000002,27.0,0.0
307.0,-1.5014353999999994,14.924667400000002,27.0,0.0
308.0,-2.494940279999999,14.791053800000002,27.0,0.0
309.0,-3.477302309999999,14.591380100000002,27.0,0.0
310.0,-4.444133759999999,14.326537100000001,27.0,0.0
311.0,-5.391116619999999,13.997709300000002,27.0,0.0
312.0,-6.314021589999999,13.606363300000002,27.0,0.0
313.0,-7.208726409999999,13.154249200000002,27.0,0.0
314.0,-8.071235659999997,12.643384000000001,27.0,0.0
315.0,-8.897696499999999,12.076050800000003,27.0,0.0
316.0,-9.684417719999999,11.454782500000002,27.0,0.0
317.0,-10.427885999999999,10.782355300000003,27.0,0.0
318.0,-11.124781599999999,10.061771400000001,27.0,0.0
319.0,-11.771990799999998,9.296248440000001,27.0,0.0
320.0,-12.366623899999999,8.489206310000002,27.0,0.0
321.0,-12.906023999999999,7.644249440000001,27.0,0.0
322.0,-13.387782099999999,6.765151980000001,27.0,0.0
323.0,-13.809748599999999,5.855839250000001,27.0,0.0
324.0,-14.170036299999998,4.920372960000001,27.0,0.0
325.0,-14.467037199999998,3.9629309200000007,27.0,0.0
326.0,-14.699425699999999,2.9877898700000007,27.0,0.0
327.0,-14.866162299999997,1.9993042900000007,27.0,0.0
328.0,-14.966503099999999,1.0018894700000007,27.0,0.0
329.0,-14.999999999999998,7.347880794884119e-16,27.0,0.0
330.0,-14.966503099999999,-1.0018894699999994,27.0,0.0
331.0,-14.866162299999997,-1.9993042899999993,27.0,0.0
332.0,-14.699425699999999,-2.987789869999999,27.0,0.0
333.0,-14.467037199999998,-3.962930919999999,27.0,0.0
334.0,-14.170036299999998,-4.920372959999999,27.0,0.0
335.0,-13.809748599999999,-5.855839249999999,27.0,0.0
336.0,-13.387782099999999,-6.765151979999999,27.0,0.0
337.0,-12.906023999999999,-7.644249439999999,27.0,0.0
338.0,-12.366623899999999,-8.489206309999998,27.0,0.0
339.0,-11.771990799999998,-9.296248439999998,27.0,0.0
340.0,-11.124781599999999,-10.061771399999998,27.0,0.0
341.0,-10.427885999999999,-10.782355299999999,27.0,0.0
342.0,-9.684417719999999,-11.454782499999999,27.0,0.0
343.0,-8.897696499999999,-12.076050799999999,27.0,0.0
344.0,-8.071235659999997,-12.643383999999998,27.0,0.0
345.0,-7.208726409999997,-13.154249199999999,27.0,0.0
346.0,-6.314021589999998,-13.606363299999998,27.0,0.0
347.0,-5.391116619999997,-13.997709299999999,27.0,0.0
348.0,-4.444133759999997,-14.326537099999998,27.0,0.0
349.0,-3.477302309999997,-14.591380099999999,27.0,0.0
350.0,-2.494940279999997,-14.791053799999998,27.0,0.0
351.0,-1.5014353999999976,-14.924667399999999,27.0,0.0
352.0,-0.5012246369999974,-14.991623899999999,27.0,0.0
353.0,0.5012246370000025,-14.991623899999999,27.0,0.0
354.0,1.5014354000000025,-14.924667399999999,27.0,0.0
355.0,2.4949402800000025,-14.791053799999998,27.0,0.0
356.0,3.4773023100000024,-14.591380099999999,27.0,0.0
357.0,4.444133760000002,-14.326537099999998,27.0,0.0
358.0,5.391116620000003,-13.997709299999999,27.0,0.0
359.0,6.314021590000003,-13.606363299999998,27.0,0.0
360.0,7.208726410000002,-13.154249199999999,27.0,0.0
361.0,8.071235660000001,-12.643383999999998,27.0,0.0
362.0,8.897696500000002,-12.076050799999999,27.0,0.0
363.0,9.684417720000003,-11.454782499999999,27.0,0.0
364.0,10.427886000000003,-10.782355299999999,27.0,0.0
365.0,11.124781600000002,-10.061771399999998,27.0,0.0
366.0,11.771990800000001,-9.296248439999998,27.0,0.0
367.0,12.366623900000002,-8.489206309999998,27.0,0.0
368.0,12.906024000000002,-7.644249439999998,27.0,0.0
369.0,13.387782100000003,-6.765151979999997,27.0,0.0
370.0,13.809748600000002,-5.855839249999997,27.0,0.0
371.0,14.170036300000001,-4.920372959999997,27.0,0.0
372.0,15.913740962363102,-4.35922402360445,27.0,1.4999999999999998
373.0,16.169368256224697,-3.2865688542000417,27.0,1.5000000000000002
374.0,16.35277853272892,-2.1992347193670008,27.0,1.5
375.0,16.46315341814043,-1.1020784175449347,27.0,1.5
376.0,15.000000000000002,2.571758278209442e-15,27.0,0.0
377.0,14.966503100000002,1.0018894700000025,26.0,0.0
378.0,14.866162300000001,1.9993042900000024,26.0,0.0
379.0,14.699425700000003,2.9877898700000025,26.0,0.0
380.0,14.467037200000002,3.9629309200000025,26.0,0.0
381.0,14.170036300000001,4.920372960000003,26.0,0.0
382.0,13.809748600000002,5.8558392500000025,26.0,0.0
383.0,13.387782100000003,6.765151980000002,26.0,0.0
384.0,12.906024000000002,7.644249440000003,26.0,0.0
385.0,12.366623900000002,8.489206310000002,26.0,0.0
386.0,11.771990800000001,9.296248440000001,26.0,0.0
387.0,11.124781600000002,10.061771400000001,26.0,0.0
388.0,10.427886000000003,10.782355300000003,26.0,0.0
389.0,9.684417720000003,11.454782500000002,26.0,0.0
390.0,8.897696500000002,12.076050800000003,26.0,0.0
391.0,8.071235660000001,12.643384000000001,26.0,0.0
392.0,7.208726410000001,13.154249200000002,26.0,0.0
393.0,6.314021590000001,13.606363300000002,26.0,0.0
394.0,5.391116620000001,13.997709300000002,26.0,0.0
395.0,4.444133760000001,14.326537100000001,26.0,0.0
396.0,3.4773023100000007,14.591380100000002,26.0,0.0
397.0,2.4949402800000007,14.791053800000002,26.0,0.0
398.0,1.5014354000000008,14.924667400000002,26.0,0.0
399.0,0.5012246370000006,14.991623900000002,26.0,0.0
400.0,-0.5012246369999993,14.991623900000002,26.0,0.0
401.0,-1.5014353999999994,14.924667400000002,26.0,0.0
402.0,-2.494940279999999,14.791053800000002,26.0,0.0
403.0,-3.477302309999999,14.591380100000002,26.0,0.0
404.0,-4.444133759999999,14.326537100000001,26.0,0.0
405.0,-5.391116619999999,13.997709300000002,26.0,0.0
406.0,-6.314021589999999,13.606363300000002,26.0,0.0
407.0,-7.208726409999999,13.154249200000002,26.0,0.0
408.0,-8.071235659999997,12.643384000000001,26.0,0.0
409.0,-8.897696499999999,12.076050800000003,26.0,0.0
410.0,-9.684417719999999,11.454782500000002,26.0,0.0
411.0,-10.427885999999999,10.782355300000003,26.0,0.0
412.0,-11.124781599999999,10.061771400000001,26.0,0.0
413.0,-11.771990799999998,9.29624844,26.0,0.0
414.0,-12.366623899999999,8.48920631,26.0,0.0
415.0,-12.906023999999999,7.644249440000001,26.0,0.0
416.0,-13.387782099999999,6.765151980000001,26.0,0.0
417.0,-13.809748599999999,5.855839250000001,26.0,0.0
418.0,-14.170036299999998,4.920372960000001,26.0,0.0
419.0,-14.467037199999998,3.9629309200000007,26.0,0.0
420.0,-14.699425699999999,2.9877898700000007,26.0,0.0
421.0,-14.866162299999997,1.9993042900000007,26.0,0.0
422.0,-14.966503099999999,1.0018894700000007,26.0,0.0
423.0,-14.999999999999998,6.735557395310441e-16,26.0,0.0
424.0,-14.966503099999999,-1.0018894699999994,26.0,0.0
425.0,-14.866162299999997,-1.9993042899999993,26.0,0.0
426.0,-14.699425699999999,-2.987789869999999,26.0,0.0
427.0,-14.467037199999998,-3.962930919999999,26.0,0.0
428.0,-14.170036299999998,-4.920372959999999,26.0,0.0
429.0,-13.809748599999999,-5.855839249999999,26.0,0.0
430.0,-13.387782099999999,-6.765151979999999,26.0,0.0
431.0,-12.906023999999999,-7.644249439999999,26.0,0.0
432.0,-12.366623899999999,-8.48920631,26.0,0.0
433.0,-11.771990799999998,-9.29624844,26.0,0.0
434.0,-11.124781599999999,-10.061771399999998,26.0,0.0
435.0,-10.427885999999999,-10.782355299999999,26.0,0.0
436.0,-9.684417719999999,-11.454782499999999,26.0,0.0
437.0,-8.897696499999999,-12.076050799999999,26.0,0.0
438.0,-8.071235659999997,-12.643383999999998,26.0,0.0
439.0,-7.208726409999997,-13.154249199999999,26.0,0.0
440.0,-6.314021589999998,-13.606363299999998,26.0,0.0
441.0,-5.391116619999997,-13.997709299999999,26.0,0.0
442.0,-4.444133759999997,-14.326537099999998,26.0,0.0
443.0,-3.477302309999997,-14.591380099999999,26.0,0.0
444.0,-2.494940279999997,-14.791053799999998,26.0,0.0
445.0,-1.5014353999999976,-14.924667399999999,26.0,0.0
446.0,-0.5012246369999975,-14.991623899999999,26.0,0.0
447.0,0.5012246370000024,-14.991623899999999,26.0,0.0
448.0,1.5014354000000025,-14.924667399999999,26.0,0.0
449.0,2.4949402800000025,-14.791053799999998,26.0,0.0
450.0,3.4773023100000024,-14.591380099999999,26.0,0.0
451.0,4.444133760000002,-14.326537099999998,26.0,0.0
452.0,5.391116620000003,-13.997709299999999,26.0,0.0
453.0,6.314021590000003,-13.606363299999998,26.0,0.0
454.0,7.208726410000002,-13.154249199999999,26.0,0.0
455.0,8.071235660000001,-12.643383999999998,26.0,0.0
456.0,8.897696500000002,-12.076050799999999,26.0,0.0
457.0,9.684417720000003,-11.454782499999999,26.0,0.0
458.0,10.427886000000003,-10.782355299999999,26.0,0.0
459.0,11.124781600000002,-10.061771399999998,26.0,0.0
460.0,11.771990800000001,-9.296248439999998,26.0,0.0
461.0,12.366623900000002,-8.489206309999998,26.0,0.0
462.0,12.906024000000002,-7.644249439999998,26.0,0.0
463.0,13.387782100000003,-6.765151979999997,26.0,0.0
464.0,13.809748600000002,-5.855839249999997,26.0,0.0
465.0,14.170036300000001,-4.920372959999997,26.0,0.0
466.0,15.913740962363102,-4.35922402360445,26.0,1.4999999999999998
467.0,16.169368256224697,-3.2865688542000417,26.0,1.5000000000000002
468.0,16.35277853272892,-2.1992347193670008,26.0,1.5
469.0,16.46315341814043,-1.102078417544935,26.0,1.5
470.0,15.000000000000002,2.510525938252074e-15,26.0,0.0
471.0,14.966503100000002,1.0018894700000025,25.0,0.0
472.0,14.866162300000001,1.9993042900000024,25.0,0.0
473.0,14.699425700000003,2.987789870000002,25.0,0.0
474.0,14.467037200000002,3.962930920000002,25.0,0.0
475.0,14.170036300000001,4.920372960000003,25.0,0.0
476.0,13.809748600000002,5.8558392500000025,25.0,0.0
477.0,13.387782100000003,6.765151980000002,25.0,0.0
478.0,12.906024000000002,7.644249440000003,25.0,0.0
479.0,12.366623900000002,8.489206310000002,25.0,0.0
480.0,11.771990800000001,9.296248440000001,25.0,0.0
481.0,11.124781600000002,10.061771400000001,25.0,0.0
482.0,10.427886000000003,10.782355300000003,25.0,0.0
483.0,9.684417720000003,11.454782500000002,25.0,0.0
484.0,8.897696500000002,12.076050800000003,25.0,0.0
485.0,8.071235660000001,12.643384000000001,25.0,0.0
486.0,7.208726410000001,13.154249200000002,25.0,0.0
487.0,6.314021590000001,13.606363300000002,25.0,0.0
488.0,5.391116620000001,13.997709300000002,25.0,0.0
489.0,4.444133760000001,14.326537100000001,25.0,0.0
490.0,3.4773023100000002,14.591380100000002,25.0,0.0
491.0,2.4949402800000002,14.791053800000002,25.0,0.0
492.0,1.5014354000000008,14.924667400000002,25.0,0.0
493.0,0.5012246370000006,14.991623900000002,25.0,0.0
494.0,-0.5012246369999993,14.991623900000002,25.0,0.0
495.0,-1.5014353999999994,14.924667400000002,25.0,0.0
496.0,-2.4949402799999993,14.791053800000002,25.0,0.0
497.0,-3.4773023099999993,14.591380100000002,25.0,0.0
498.0,-4.444133759999999,14.326537100000001,25.0,0.0
499.0,-5.391116619999999,13.997709300000002,25.0,0.0
500.0,-6.314021589999999,13.606363300000002,25.0,0.0
501.0,-7.208726409999999,13.154249200000002,25.0,0.0
502.0,-8.071235659999997,12.643384000000001,25.0,0.0
503.0,-8.897696499999999,12.076050800000003,25.0,0.0
504.0,-9.684417719999999,11.454782500000002,25.0,0.0
505.0,-10.427885999999999,10.782355300000003,25.0,0.0
506.0,-11.124781599999999,10.0617714,25.0,0.0
507.0,-11.771990799999998,9.29624844,25.0,0.0
508.0,-12.366623899999999,8.48920631,25.0,0.0
509.0,-12.906023999999999,7.644249440000001,25.0,0.0
510.0,-13.387782099999999,6.765151980000001,25.0,0.0
511.0,-13.809748599999999,5.855839250000001,25.0,0.0
512.0,-14.170036299999998,4.920372960000001,25.0,0.0
513.0,-14.467037199999998,3.9629309200000002,25.0,0.0
514.0,-14.699425699999999,2.9877898700000003,25.0,0.0
515.0,-14.866162299999997,1.9993042900000007,25.0,0.0
516.0,-14.966503099999999,1.0018894700000007,25.0,0.0
517.0,-14.999999999999998,6.123233995736765e-16,25.0,0.0
518.0,-14.966503099999999,-1.0018894699999994,25.0,0.0
519.0,-14.866162299999997,-1.9993042899999993,25.0,0.0
520.0,-14.699425699999999,-2.9877898699999994,25.0,0.0
521.0,-14.467037199999998,-3.9629309199999994,25.0,0.0
522.0,-14.170036299999998,-4.920372959999999,25.0,0.0
523.0,-13.809748599999999,-5.855839249999999,25.0,0.0
524.0,-13.387782099999999,-6.765151979999999,25.0,0.0
525.0,-12.906023999999999,-7.644249439999999,25.0,0.0
526.0,-12.366623899999999,-8.48920631,25.0,0.0
527.0,-11.771990799999998,-9.29624844,25.0,0.0
528.0,-11.124781599999999,-10.0617714,25.0,0.0
529.0,-10.427885999999999,-10.782355299999999,25.0,0.0
530.0,-9.684417719999999,-11.454782499999999,25.0,0.0
531.0,-8.897696499999999,-12.076050799999999,25.0,0.0
532.0,-8.071235659999997,-12.643383999999998,25.0,0.0
533.0,-7.208726409999997,-13.154249199999999,25.0,0.0
534.0,-6.314021589999998,-13.606363299999998,25.0,0.0
535.0,-5.391116619999997,-13.997709299999999,25.0,0.0
536.0,-4.444133759999997,-14.326537099999998,25.0,0.0
537.0,-3.4773023099999976,-14.591380099999999,25.0,0.0
538.0,-2.4949402799999976,-14.791053799999998,25.0,0.0
539.0,-1.5014353999999976,-14.924667399999999,25.0,0.0
540.0,-0.5012246369999975,-14.991623899999999,25.0,0.0
541.0,0.5012246370000024,-14.991623899999999,25.0,0.0
542.0,1.5014354000000025,-14.924667399999999,25.0,0.0
543.0,2.494940280000002,-14.791053799999998,25.0,0.0
544.0,3.477302310000002,-14.591380099999999,25.0,0.0
545.0,4.444133760000002,-14.326537099999998,25.0,0.0
546.0,5.391116620000003,-13.997709299999999,25.0,0.0
547.0,6.314021590000003,-13.606363299999998,25.0,0.0
548.0,7.208726410000002,-13.154249199999999,25.0,0.0
549.0,8.071235660000001,-12.643383999999998,25.0,0.0
550.0,8.897696500000002,-12.076050799999999,25.0,0.0
551.0,9.684417720000003,-11.454782499999999,25.0,0.0
552.0,10.427886000000003,-10.782355299999999,25.0,0.0
553.0,11.124781600000002,-10.061771399999998,25.0,0.0
554.0,11.771990800000001,-9.296248439999998,25.0,0.0
555.0,12.366623900000002,-8.489206309999998,25.0,0.0
556.0,12.906024000000002,-7.644249439999998,25.0,0.0
557.0,13.387782100000003,-6.765151979999997,25.0,0.0
558.0,13.809748600000002,-5.855839249999997,25.0,0.0
559.0,14.170036300000001,-4.920372959999997,25.0,0.0
560.0,15.913740962363102,-4.35922402360445,25.0,1.4999999999999998
561.0,16.169368256224697,-3.286568854200042,25.0,1.5000000000000002
562.0,16.35277853272892,-2.1992347193670008,25.0,1.5000000000000002
563.0,16.46315341814043,-1.102078417544935,25.0,1.5
564.0,15.000000000000002,2.4492935982947065e-15,25.0,0.0
565.0,14.966503100000002,1.0018894700000025,24.0,0.0
566.0,14.866162300000001,1.9993042900000024,24.0,0.0
567.0,14.699425700000003,2.987789870000002,24.0,0.0
568.0,14.467037200000002,3.962930920000002,24.0,0.0
569.0,14.170036300000001,4.920372960000003,24.0,0.0
570.0,13.809748600000002,5.8558392500000025,24.0,0.0
571.0,13.387782100000003,6.765151980000002,24.0,0.0
572.0,12.906024000000002,7.644249440000003,24.0,0.0
573.0,12.366623900000002,8.489206310000002,24.0,0.0
574.0,11.771990800000001,9.296248440000001,24.0,0.0
575.0,11.124781600000002,10.061771400000001,24.0,0.0
576.0,10.427886000000003,10.782355300000003,24.0,0.0
577.0,9.684417720000003,11.454782500000002,24.0,0.0
578.0,8.897696500000002,12.076050800000003,24.0,0.0
579.0,8.071235660000001,12.643384000000001,24.0,0.0
580.0,7.208726410000001,13.154249200000002,24.0,0.0
581.0,6.314021590000001,13.606363300000002,24.0,0.0
582.0,5.391116620000001,13.997709300000002,24.0,0.0
583.0,4.444133760000001,14.326537100000001,24.0,0.0
584.0,3.4773023100000002,14.591380100000002,24.0,0.0
585.0,2.4949402800000002,14.791053800000002,24.0,0.0
586.0,1.5014354000000008,14.924667400000002,24.0,0.0
587.0,0.5012246370000005,14.991623900000002,24.0,0.0
588.0,-0.5012246369999994,14.991623900000002,24.0,0.0
589.0,-1.5014353999999994,14.924667400000002,24.0,0.0
590.0,-2.4949402799999993,14.791053800000002,24.0,0.0
591.0,-3.4773023099999993,14.591380100000002,24.0,0.0
592.0,-4.444133759999999,14.326537100000001,24.0,0.0
593.0,-5.391116619999999,13.997709300000002,24.0,0.0
594.0,-6.314021589999999,13.606363300000002,24.0,0.0
595.0,-7.208726409999999,13.154249200000002,24.0,0.0
596.0,-8.071235659999997,12.643384000000001,24.0,0.0
597.0,-8.897696499999999,12.076050800000003,24.0,0.0
598.0,-9.684417719999999,11.4547825,24.0,0.0
599.0,-10.427885999999999,10.7823553,24.0,0.0
600.0,-11.124781599999999,10.0617714,24.0,0.0
601.0,-11.771990799999998,9.29624844,24.0,0.0
602.0,-12.366623899999999,8.48920631,24.0,0.0
603.0,-12.906023999999999,7.644249440000001,24.0,0.0
604.0,-13.387782099999999,6.765151980000001,24.0,0.0
605.0,-13.809748599999999,5.855839250000001,24.0,0.0
606.0,-14.170036299999998,4.920372960000001,24.0,0.0
607.0,-14.467037199999998,3.9629309200000002,24.0,0.0
608.0,-14.699425699999999,2.9877898700000003,24.0,0.0
609.0,-14.866162299999997,1.9993042900000007,24.0,0.0
610.0,-14.966503099999999,1.0018894700000005,24.0,0.0
611.0,-14.999999999999998,5.510910596163088e-16,24.0,0.0
612.0,-14.966503099999999,-1.0018894699999996,24.0,0.0
613.0,-14.866162299999997,-1.9993042899999993,24.0,0.0
614.0,-14.699425699999999,-2.9877898699999994,24.0,0.0
615.0,-14.467037199999998,-3.9629309199999994,24.0,0.0
616.0,-14.170036299999998,-4.920372959999999,24.0,0.0
617.0,-13.809748599999999,-5.855839249999999,24.0,0.0
618.0,-13.387782099999999,-6.765151979999999,24.0,0.0
619.0,-12.906023999999999,-7.644249439999999,24.0,0.0
620.0,-12.366623899999999,-8.48920631,24.0,0.0
621.0,-11.771990799999998,-9.29624844,24.0,0.0
622.0,-11.124781599999999,-10.0617714,24.0,0.0
623.0,-10.427885999999999,-10.7823553,24.0,0.0
624.0,-9.684417719999999,-11.4547825,24.0,0.0
625.0,-8.897696499999999,-12.076050799999999,24.0,0.0
626.0,-8.071235659999997,-12.643383999999998,24.0,0.0
627.0,-7.208726409999997,-13.154249199999999,24.0,0.0
628.0,-6.314021589999998,-13.606363299999998,24.0,0.0
629.0,-5.391116619999997,-13.997709299999999,24.0,0.0
630.0,-4.444133759999997,-14.326537099999998,24.0,0.0
631.0,-3.4773023099999976,-14.591380099999999,24.0,0.0
632.0,-2.4949402799999976,-14.791053799999998,24.0,0.0
633.0,-1.5014353999999976,-14.924667399999999,24.0,0.0
634.0,-0.5012246369999976,-14.991623899999999,24.0,0.0
635.0,0.5012246370000023,-14.991623899999999,24.0,0.0
636.0,1.5014354000000025,-14.924667399999999,24.0,0.0
637.0,2.494940280000002,-14.791053799999998,24.0,0.0
638.0,3.477302310000002,-14.591380099999999,24.0,0.0
639.0,4.444133760000002,-14.326537099999998,24.0,0.0
640.0,5.391116620000003,-13.997709299999999,24.0,0.0
641.0,6.314021590000003,-13.606363299999998,24.0,0.0
642.0,7.208726410000002,-13.154249199999999,24.0,0.0
643.0,8.071235660000001,-12.643383999999998,24.0,0.0
644.0,8.897696500000002,-12.076050799999999,24.0,0.0
645.0,9.684417720000003,-11.454782499999999,24.0,0.0
646.0,10.427886000000003,-10.782355299999999,24.0,0.0
647.0,11.124781600000002,-10.061771399999998,24.0,0.0
648.0,11.771990800000001,-9.296248439999998,24.0,0.0
649.0,12.366623900000002,-8.489206309999998,24.0,0.0
650.0,12.906024000000002,-7.644249439999998,24.0,0.0
651.0,13.387782100000003,-6.765151979999997,24.0,0.0
652.0,13.809748600000002,-5.855839249999997,24.0,0.0
653.0,14.170036300000001,-4.920372959999997,24.0,0.0
654.0,15.913740962363102,-4.35922402360445,24.0,1.4999999999999998
655.0,16.169368256224697,-3.286568854200042,24.0,1.5000000000000002
656.0,16.35277853272892,-2.1992347193670008,24.0,1.5
657.0,16.46315341814043,-1.102078417544935,24.0,1.5
658.0,15.000000000000002,2.3880612583373385e-15,24.0,0.0
659.0,14.966503100000002,1.0018894700000023,23.0,0.0
660.0,14.866162300000001,1.9993042900000022,23.0,0.0
661.0,14.699425700000003,2.987789870000002,23.0,0.0
662.0,14.467037200000002,3.962930920000002,23.0,0.0
663.0,14.170036300000001,4.920372960000003,23.0,0.0
664.0,13.809748600000002,5.8558392500000025,23.0,0.0
665.0,13.387782100000003,6.765151980000002,23.0,0.0
666.0,12.906024000000002,7.644249440000002,23.0,0.0
667.0,12.366623900000002,8.489206310000002,23.0,0.0
668.0,11.771990800000001,9.296248440000001,23.0,0.0
669.0,11.124781600000002,10.061771400000001,23.0,0.0
670.0,10.427886000000003,10.782355300000003,23.0,0.0
671.0,9.684417720000003,11.454782500000002,23.0,0.0
672.0,8.897696500000002,12.076050800000003,23.0,0.0
673.0,8.071235660000001,12.643384000000001,23.0,0.0
674.0,7.208726410000001,13.154249200000002,23.0,0.0
675.0,6.314021590000001,13.606363300000002,23.0,0.0
676.0,5.391116620000001,13.997709300000002,23.0,0.0
677.0,4.444133760000001,14.326537100000001,23.0,0.0
678.0,3.4773023100000002,14.591380100000002,23.0,0.0
679.0,2.4949402800000002,14.791053800000002,23.0,0.0
680.0,1.5014354000000005,14.924667400000002,23.0,0.0
681.0,0.5012246370000005,14.991623900000002,23.0,0.0
682.0,-0.5012246369999994,14.991623900000002,23.0,0.0
683.0,-1.5014353999999996,14.924667400000002,23.0,0.0
684.0,-2.4949402799999993,14.791053800000002,23.0,0.0
685.0,-3.4773023099999993,14.591380100000002,23.0,0.0
686.0,-4.444133759999999,14.326537100000001,23.0,0.0
687.0,-5.391116619999999,13.997709300000002,23.0,0.0
688.0,-6.314021589999999,13.606363300000002,23.0,0.0
689.0,-7.208726409999999,13.154249200000002,23.0,0.0
690.0,-8.071235659999997,12.643384000000001,23.0,0.0
691.0,-8.897696499999999,12.0760508,23.0,0.0
692.0,-9.684417719999999,11.4547825,23.0,0.0
693.0,-10.427885999999999,10.7823553,23.0,0.0
694.0,-11.124781599999999,10.0617714,23.0,0.0
695.0,-11.771990799999998,9.29624844,23.0,0.0
696.0,-12.366623899999999,8.48920631,23.0,0.0
697.0,-12.906023999999999,7.644249440000001,23.0,0.0
698.0,-13.387782099999999,6.765151980000001,23.0,0.0
699.0,-13.809748599999999,5.855839250000001,23.0,0.0
700.0,-14.170036299999998,4.920372960000001,23.0,0.0
701.0,-14.467037199999998,3.9629309200000002,23.0,0.0
702.0,-14.699425699999999,2.9877898700000003,23.0,0.0
703.0,-14.866162299999997,1.9993042900000004,23.0,0.0
704.0,-14.966503099999999,1.0018894700000005,23.0,0.0
705.0,-14.999999999999998,4.898587196589412e-16,23.0,0.0
706.0,-14.966503099999999,-1.0018894699999996,23.0,0.0
707.0,-14.866162299999997,-1.9993042899999995,23.0,0.0
708.0,-14.699425699999999,-2.9877898699999994,23.0,0.0
709.0,-14.467037199999998,-3.9629309199999994,23.0,0.0
710.0,-14.170036299999998,-4.920372959999999,23.0,0.0
711.0,-13.809748599999999,-5.855839249999999,23.0,0.0
712.0,-13.387782099999999,-6.765151979999999,23.0,0.0
713.0,-12.906023999999999,-7.644249439999999,23.0,0.0
714.0,-12.366623899999999,-8.48920631,23.0,0.0
715.0,-11.771990799999998,-9.29624844,23.0,0.0
716.0,-11.124781599999999,-10.0617714,23.0,0.0
717.0,-10.427885999999999,-10.7823553,23.0,0.0
718.0,-9.684417719999999,-11.4547825,23.0,0.0
719.0,-8.897696499999999,-12.0760508,23.0,0.0
720.0,-8.071235659999997,-12.643383999999998,23.0,0.0
721.0,-7.208726409999997,-13.154249199999999,23.0,0.0
722.0,-6.314021589999998,-13.606363299999998,23.0,0.0
723.0,-5.391116619999997,-13.997709299999999,23.0,0.0
724.0,-4.444133759999997,-14.326537099999998,23.0,0.0
725.0,-3.4773023099999976,-14.591380099999999,23.0,0.0
726.0,-2.4949402799999976,-14.791053799999998,23.0,0.0
727.0,-1.5014353999999979,-14.924667399999999,23.0,0.0
728.0,-0.5012246369999976,-14.991623899999999,23.0,0.0
729.0,0.5012246370000023,-14.991623899999999,23.0,0.0
730.0,1.5014354000000023,-14.924667399999999,23.0,0.0
731.0,2.494940280000002,-14.791053799999998,23.0,0.0
732.0,3.477302310000002,-14.591380099999999,23.0,0.0
733.0,4.444133760000002,-14.326537099999998,23.0,0.0
734.0,5.391116620000003,-13.997709299999999,23.0,0.0
735.0,6.314021590000003,-13.606363299999998,23.0,0.0
736.0,7.208726410000002,-13.154249199999999,23.0,0.0
737.0,8.071235660000001,-12.643383999999998,23.0,0.0
738.0,8.897696500000002,-12.076050799999999,23.0,0.0
739.0,9.684417720000003,-11.454782499999999,23.0,0.0
740.0,10.427886000000003,-10.782355299999999,23.0,0.0
741.0,11.124781600000002,-10.061771399999998,23.0,0.0
742.0,11.771990800000001,-9.296248439999998,23.0,0.0
743.0,12.366623900000002,-8.489206309999998,23.0,0.0
744.0,12.906024000000002,-7.6442494399999985,23.0,0.0
745.0,13.387782100000003,-6.765151979999997,23.0,0.0
746.0,13.809748600000002,-5.855839249999997,23.0,0.0
747.0,14.170036300000001,-4.920372959999997,23.0,0.0
748.0,15.913740962363102,-4.35922402360445,23.0,1.4999999999999998
749.0,16.169368256224697,-3.286568854200042,23.0,1.5000000000000002
750.0,16.35277853272892,-2.199234719367001,23.0,1.5000000000000002
751.0,16.46315341814043,-1.1020784175449352,23.0,1.5000000000000002
752.0,15.000000000000002,2.326828918379971e-15,23.0,0.0
753.0,14.966503100000002,1.0018894700000023,22.0,0.0
754.0,14.866162300000001,1.9993042900000022,22.0,0.0
755.0,14.699425700000003,2.987789870000002,22.0,0.0
756.0,14.467037200000002,3.962930920000002,22.0,0.0
757.0,14.170036300000001,4.920372960000002,22.0,0.0
758.0,13.809748600000002,5.855839250000002,22.0,0.0
759.0,13.387782100000003,6.7651519800000015,22.0,0.0
760.0,12.906024000000002,7.644249440000002,22.0,0.0
761.0,12.366623900000002,8.489206310000002,22.0,0.0
762.0,11.771990800000001,9.296248440000001,22.0,0.0
763.0,11.124781600000002,10.061771400000001,22.0,0.0
764.0,10.427886000000003,10.782355300000003,22.0,0.0
765.0,9.684417720000003,11.454782500000002,22.0,0.0
766.0,8.897696500000002,12.076050800000003,22.0,0.0
767.0,8.071235660000001,12.643384000000001,22.0,0.0
768.0,7.208726410000001,13.154249200000002,22.0,0.0
769.0,6.314021590000001,13.606363300000002,22.0,0.0
770.0,5.391116620000001,13.997709300000002,22.0,0.0
771.0,4.444133760000001,14.326537100000001,22.0,0.0
772.0,3.4773023100000002,14.591380100000002,22.0,0.0
773.0,2.4949402800000002,14.791053800000002,22.0,0.0
774.0,1.5014354000000005,14.924667400000002,22.0,0.0
775.0,0.5012246370000004,14.991623900000002,22.0,0.0
776.0,-0.5012246369999995,14.991623900000002,22.0,0.0
777.0,-1.5014353999999996,14.924667400000002,22.0,0.0
778.0,-2.4949402799999993,14.791053800000002,22.0,0.0
779.0,-3.4773023099999993,14.591380100000002,22.0,0.0
780.0,-4.444133759999999,14.326537100000001,22.0,0.0
781.0,-5.391116619999999,13.997709300000002,22.0,0.0
782.0,-6.314021589999999,13.606363300000002,22.0,0.0
783.0,-7.208726409999999,13.154249200000002,22.0,0.0
784.0,-8.071235659999997,12.643384,22.0,0.0
785.0,-8.897696499999999,12.0760508,22.0,0.0
786.0,-9.684417719999999,11.4547825,22.0,0.0
787.0,-10.427885999999999,10.7823553,22.0,0.0
788.0,-11.124781599999999,10.0617714,22.0,0.0
789.0,-11.771990799999998,9.29624844,22.0,0.0
790.0,-12.366623899999999,8.48920631,22.0,0.0
791.0,-12.906023999999999,7.644249440000001,22.0,0.0
792.0,-13.387782099999999,6.765151980000001,22.0,0.0
793.0,-13.809748599999999,5.855839250000001,22.0,0.0
794.0,-14.170036299999998,4.920372960000001,22.0,0.0
795.0,-14.467037199999998,3.9629309200000002,22.0,0.0
796.0,-14.699425699999999,2.9877898700000003,22.0,0.0
797.0,-14.866162299999997,1.9993042900000004,22.0,0.0
798.0,-14.966503099999999,1.0018894700000005,22.0,0.0
799.0,-14.999999999999998,4.286263797015736e-16,22.0,0.0
800.0,-14.966503099999999,-1.0018894699999996,22.0,0.0
801.0,-14.866162299999997,-1.9993042899999995,22.0,0.0
802.0,-14.699425699999999,-2.9877898699999994,22.0,0.0
803.0,-14.467037199999998,-3.9629309199999994,22.0,0.0
804.0,-14.170036299999998,-4.920372959999999,22.0,0.0
805.0,-13.809748599999999,-5.855839249999999,22.0,0.0
806.0,-13.387782099999999,-6.765151979999999,22.0,0.0
807.0,-12.906023999999999,-7.644249439999999,22.0,0.0
808.0,-12.366623899999999,-8.48920631,22.0,0.0
809.0,-11.771990799999998,-9.29624844,22.0,0.0
810.0,-11.124781599999999,-10.0617714,22.0,0.0
811.0,-10.427885999999999,-10.7823553,22.0,0.0
812.0,-9.684417719999999,-11.4547825,22.0,0.0
813.0,-8.897696499999999,-12.0760508,22.0,0.0
814.0,-8.071235659999997,-12.643384,22.0,0.0
815.0,-7.208726409999997,-13.154249199999999,22.0,0.0
816.0,-6.314021589999998,-13.606363299999998,22.0,0.0
817.0,-5.391116619999997,-13.997709299999999,22.0,0.0
818.0,-4.444133759999997,-14.326537099999998,22.0,0.0
819.0,-3.4773023099999976,-14.591380099999999,22.0,0.0
820.0,-2.4949402799999976,-14.791053799999998,22.0,0.0
821.0,-1.5014353999999979,-14.924667399999999,22.0,0.0
822.0,-0.5012246369999978,-14.991623899999999,22.0,0.0
823.0,0.5012246370000022,-14.991623899999999,22.0,0.0
824.0,1.5014354000000023,-14.924667399999999,22.0,0.0
825.0,2.494940280000002,-14.791053799999998,22.0,0.0
826.0,3.477302310000002,-14.591380099999999,22.0,0.0
827.0,4.444133760000002,-14.326537099999998,22.0,0.0
828.0,5.391116620000003,-13.997709299999999,22.0,0.0
829.0,6.314021590000003,-13.606363299999998,22.0,0.0
830.0,7.208726410000002,-13.154249199999999,22.0,0.0
831.0,8.071235660000001,-12.643383999999998,22.0,0.0
832.0,8.897696500000002,-12.076050799999999,22.0,0.0
833.0,9.684417720000003,-11.454782499999999,22.0,0.0
834.0,10.427886000000003,-10.782355299999999,22.0,0.0
835.0,11.124781600000002,-10.061771399999998,22.0,0.0
836.0,11.771990800000001,-9.296248439999998,22.0,0.0
837.0,12.366623900000002,-8.489206309999998,22.0,0.0
838.0,12.906024000000002,-7.6442494399999985,22.0,0.0
839.0,13.387782100000003,-6.765151979999998,22.0,0.0
840.0,13.809748600000002,-5.855839249999998,22.0,0.0
841.0,14.170036300000001,-4.920372959999998,22.0,0.0
842.0,15.913740962363102,-4.35922402360445,22.0,1.4999999999999998
843.0,16.169368256224697,-3.286568854200042,22.0,1.5000000000000002
844.0,16.35277853272892,-2.199234719367001,22.0,1.5
845.0,16.46315341814043,-1.1020784175449352,22.0,1.5
846.0,15.000000000000002,2.2655965784226034e-15,22.0,0.0
847.0,14.966503100000002,1.0018894700000023,21.0,0.0
848.0,14.866162300000001,1.9993042900000022,21.0,0.0
849.0,14.699425700000003,2.987789870000002,21.0,0.0
850.0,14.467037200000002,3.962930920000002,21.0,0.0
851.0,14.170036300000001,4.920372960000002,21.0,0.0
852.0,13.809748600000002,5.855839250000002,21.0,0.0
853.0,13.387782100000003,6.7651519800000015,21.0,0.0
854.0,12.906024000000002,7.644249440000002,21.0,0.0
855.0,12.366623900000002,8.489206310000002,21.0,0.0
856.0,11.771990800000001,9.296248440000001,21.0,0.0
857.0,11.124781600000002,10.061771400000001,21.0,0.0
858.0,10.427886000000003,10.782355300000003,21.0,0.0
859.0,9.684417720000003,11.454782500000002,21.0,0.0
860.0,8.897696500000002,12.076050800000003,21.0,0.0
861.0,8.071235660000001,12.643384000000001,21.0,0.0
862.0,7.20872641,13.154249200000002,21.0,0.0
863.0,6.31402159,13.606363300000002,21.0,0.0
864.0,5.39111662,13.997709300000002,21.0,0.0
865.0,4.44413376,14.326537100000001,21.0,0.0
866.0,3.4773023100000002,14.591380100000002,21.0,0.0
867.0,2.4949402800000002,14.791053800000002,21.0,0.0
868.0,1.5014354000000005,14.924667400000002,21.0,0.0
869.0,0.5012246370000004,14.991623900000002,21.0,0.0
870.0,-0.5012246369999995,14.991623900000002,21.0,0.0
871.0,-1.5014353999999996,14.924667400000002,21.0,0.0
872.0,-2.4949402799999993,14.791053800000002,21.0,0.0
873.0,-3.4773023099999993,14.591380100000002,21.0,0.0
874.0,-4.44413376,14.326537100000001,21.0,0.0
875.0,-5.39111662,13.997709300000002,21.0,0.0
876.0,-6.31402159,13.606363300000002,21.0,0.0
877.0,-7.20872641,13.1542492,21.0,0.0
878.0,-8.071235659999997,12.643384,21.0,0.0
879.0,-8.897696499999999,12.0760508,21.0,0.0
880.0,-9.684417719999999,11.4547825,21.0,0.0
881.0,-10.427885999999999,10.7823553,21.0,0.0
882.0,-11.124781599999999,10.0617714,21.0,0.0
883.0,-11.771990799999998,9.29624844,21.0,0.0
884.0,-12.366623899999999,8.48920631,21.0,0.0
885.0,-12.906023999999999,7.644249440000001,21.0,0.0
886.0,-13.387782099999999,6.765151980000001,21.0,0.0
887.0,-13.809748599999999,5.85583925,21.0,0.0
888.0,-14.170036299999998,4.92037296,21.0,0.0
889.0,-14.467037199999998,3.9629309200000002,21.0,0.0
890.0,-14.699425699999999,2.9877898700000003,21.0,0.0
891.0,-14.866162299999997,1.9993042900000004,21.0,0.0
892.0,-14.966503099999999,1.0018894700000005,21.0,0.0
893.0,-14.999999999999998,3.6739403974420584e-16,21.0,0.0
894.0,-14.966503099999999,-1.0018894699999996,21.0,0.0
895.0,-14.866162299999997,-1.9993042899999995,21.0,0.0
896.0,-14.699425699999999,-2.9877898699999994,21.0,0.0
897.0,-14.467037199999998,-3.9629309199999994,21.0,0.0
898.0,-14.170036299999998,-4.92037296,21.0,0.0
899.0,-13.809748599999999,-5.85583925,21.0,0.0
900.0,-13.387782099999999,-6.765151979999999,21.0,0.0
901.0,-12.906023999999999,-7.644249439999999,21.0,0.0
902.0,-12.366623899999999,-8.48920631,21.0,0.0
903.0,-11.771990799999998,-9.29624844,21.0,0.0
904.0,-11.124781599999999,-10.0617714,21.0,0.0
905.0,-10.427885999999999,-10.7823553,21.0,0.0
906.0,-9.684417719999999,-11.4547825,21.0,0.0
907.0,-8.897696499999999,-12.0760508,21.0,0.0
908.0,-8.071235659999997,-12.643384,21.0,0.0
909.0,-7.208726409999998,-13.1542492,21.0,0.0
910.0,-6.3140215899999985,-13.606363299999998,21.0,0.0
911.0,-5.391116619999998,-13.997709299999999,21.0,0.0
912.0,-4.444133759999998,-14.326537099999998,21.0,0.0
913.0,-3.4773023099999976,-14.591380099999999,21.0,0.0
914.0,-2.4949402799999976,-14.791053799999998,21.0,0.0
915.0,-1.5014353999999979,-14.924667399999999,21.0,0.0
916.0,-0.5012246369999978,-14.991623899999999,21.0,0.0
917.0,0.5012246370000022,-14.991623899999999,21.0,0.0
918.0,1.5014354000000023,-14.924667399999999,21.0,0.0
919.0,2.494940280000002,-14.791053799999998,21.0,0.0
920.0,3.477302310000002,-14.591380099999999,21.0,0.0
921.0,4.4441337600000015,-14.326537099999998,21.0,0.0
922.0,5.391116620000002,-13.997709299999999,21.0,0.0
923.0,6.314021590000002,-13.606363299999998,21.0,0.0
924.0,7.2087264100000015,-13.154249199999999,21.0,0.0
925.0,8.071235660000001,-12.643383999999998,21.0,0.0
926.0,8.897696500000002,-12.076050799999999,21.0,0.0
927.0,9.684417720000003,-11.454782499999999,21.0,0.0
928.0,10.427886000000003,-10.782355299999999,21.0,0.0
929.0,11.124781600000002,-10.061771399999998,21.0,0.0
930.0,11.771990800000001,-9.296248439999998,21.0,0.0
931.0,12.366623900000002,-8.489206309999998,21.0,0.0
932.0,12.906024000000002,-7.6442494399999985,21.0,0.0
933.0,13.387782100000003,-6.765151979999998,21.0,0.0
934.0,13.809748600000002,-5.855839249999998,21.0,0.0
935.0,14.170036300000001,-4.920372959999998,21.0,0.0
936.0,15.913740962363102,-4.35922402360445,21.0,1.4999999999999998
937.0,16.169368256224697,-3.286568854200042,21.0,1.5000000000000002
938.0,16.35277853272892,-2.199234719367001,21.0,1.5000000000000002
939.0,16.46315341814043,-1.1020784175449352,21.0,1.5
940.0,15.000000000000002,2.204364238465236e-15,21.0,0.0
941.0,14.966503100000002,1.0018894700000023,20.0,0.0
942.0,14.866162300000001,1.9993042900000022,20.0,0.0
943.0,14.699425700000003,2.987789870000002,20.0,0.0
944.0,14.467037200000002,3.962930920000002,20.0,0.0
945.0,14.170036300000001,4.920372960000002,20.0,0.0
946.0,13.809748600000002,5.855839250000002,20.0,0.0
947.0,13.387782100000003,6.7651519800000015,20.0,0.0
948.0,12.906024000000002,7.644249440000002,20.0,0.0
949.0,12.366623900000002,8.489206310000002,20.0,0.0
950.0,11.771990800000001,9.296248440000001,20.0,0.0
951.0,11.124781600000002,10.061771400000001,20.0,0.0
952.0,10.427886000000003,10.782355300000003,20.0,0.0
953.0,9.684417720000003,11.454782500000002,20.0,0.0
954.0,8.897696500000002,12.076050800000003,20.0,0.0
955.0,8.071235660000001,12.643384000000001,20.0,0.0
956.0,7.20872641,13.154249200000002,20.0,0.0
957.0,6.31402159,13.606363300000002,20.0,0.0
958.0,5.39111662,13.997709300000002,20.0,0.0
959.0,4.44413376,14.326537100000001,20.0,0.0
960.0,3.4773023100000002,14.591380100000002,20.0,0.0
961.0,2.4949402800000002,14.791053800000002,20.0,0.0
962.0,1.5014354000000005,14.924667400000002,20.0,0.0
963.0,0.5012246370000003,14.991623900000002,20.0,0.0
964.0,-0.5012246369999996,14.991623900000002,20.0,0.0
965.0,-1.5014353999999996,14.924667400000002,20.0,0.0
966.0,-2.4949402799999993,14.791053800000002,20.0,0.0
967.0,-3.4773023099999993,14.591380100000002,20.0,0.0
968.0,-4.44413376,14.326537100000001,20.0,0.0
969.0,-5.39111662,13.997709300000002,20.0,0.0
970.0,-6.31402159,13.6063633,20.0,0.0
971.0,-7.20872641,13.1542492,20.0,0.0
972.0,-8.071235659999997,12.643384,20.0,0.0
973.0,-8.897696499999999,12.0760508,20.0,0.0
974.0,-9.684417719999999,11.4547825,20.0,0.0
975.0,-10.427885999999999,10.7823553,20.0,0.0
976.0,-11.124781599999999,10.0617714,20.0,0.0
977.0,-11.771990799999998,9.29624844,20.0,0.0
978.0,-12.366623899999999,8.48920631,20.0,0.0
979.0,-12.906023999999999,7.64424944,20.0,0.0
980.0,-13.387782099999999,6.76515198,20.0,0.0
981.0,-13.809748599999999,5.85583925,20.0,0.0
982.0,-14.170036299999998,4.92037296,20.0,0.0
983.0,-14.467037199999998,3.9629309200000002,20.0,0.0
984.0,-14.699425699999999,2.9877898700000003,20.0,0.0
985.0,-14.866162299999997,1.9993042900000002,20.0,0.0
986.0,-14.966503099999999,1.0018894700000003,20.0,0.0
987.0,-14.999999999999998,3.0616169978683826e-16,20.0,0.0
988.0,-14.966503099999999,-1.0018894699999998,20.0,0.0
989.0,-14.866162299999997,-1.9993042899999998,20.0,0.0
990.0,-14.699425699999999,-2.9877898699999994,20.0,0.0
991.0,-14.467037199999998,-3.9629309199999994,20.0,0.0
992.0,-14.170036299999998,-4.92037296,20.0,0.0
993.0,-13.809748599999999,-5.85583925,20.0,0.0
994.0,-13.387782099999999,-6.76515198,20.0,0.0
995.0,-12.906023999999999,-7.64424944,20.0,0.0
996.0,-12.366623899999999,-8.48920631,20.0,0.0
997.0,-11.771990799999998,-9.29624844,20.0,0.0
998.0,-11.124781599999999,-10.0617714,20.0,0.0
999.0,-10.427885999999999,-10.7823553,20.0,0.0
1000.0,-9.684417719999999,-11.4547825,20.0,0.0
1001.0,-8.897696499999999,-12.0760508,20.0,0.0
1002.0,-8.071235659999997,-12.643384,20.0,0.0
1003.0,-7.208726409999998,-13.1542492,20.0,0.0
1004.0,-6.3140215899999985,-13.6063633,20.0,0.0
1005.0,-5.391116619999998,-13.997709299999999,20.0,0.0
1006.0,-4.444133759999998,-14.326537099999998,20.0,0.0
1007.0,-3.4773023099999976,-14.591380099999999,20.0,0.0
1008.0,-2.4949402799999976,-14.791053799999998,20.0,0.0
1009.0,-1.5014353999999979,-14.924667399999999,20.0,0.0
1010.0,-0.5012246369999979,-14.991623899999999,20.0,0.0
1011.0,0.5012246370000021,-14.991623899999999,20.0,0.0
1012.0,1.5014354000000023,-14.924667399999999,20.0,0.0
1013.0,2.494940280000002,-14.791053799999998,20.0,0.0
1014.0,3.477302310000002,-14.591380099999999,20.0,0.0
1015.0,4.4441337600000015,-14.326537099999998,20.0,0.0
1016.0,5.391116620000002,-13.997709299999999,20.0,0.0
1017.0,6.314021590000002,-13.606363299999998,20.0,0.0
1018.0,7.2087264100000015,-13.154249199999999,20.0,0.0
1019.0,8.071235660000001,-12.643383999999998,20.0,0.0
1020.0,8.897696500000002,-12.076050799999999,20.0,0.0
1021.0,9.684417720000003,-11.454782499999999,20.0,0.0
1022.0,10.427886000000003,-10.782355299999999,20.0,0.0
1023.0,11.124781600000002,-10.061771399999998,20.0,0.0
1024.0,11.771990800000001,-9.296248439999998,20.0,0.0
1025.0,12.366623900000002,-8.489206309999998,20.0,0.0
1026.0,12.906024000000002,-7.6442494399999985,20.0,0.0
1027.0,13.387782100000003,-6.765151979999998,20.0,0.0
1028.0,13.809748600000002,-5.855839249999998,20.0,0.0
1029.0,14.170036300000001,-4.920372959999998,20.0,0.0
1030.0,15.913740962363102,-4.35922402360445,20.0,1.4999999999999998
1031.0,16.169368256224697,-3.286568854200042,20.0,1.5000000000000002
1032.0,16.35277853272892,-2.199234719367001,20.0,1.5
1033.0,16.46315341814043,-1.1020784175449352,20.0,1.5
1034.0,15.000000000000002,2.1431318985078682e-15,20.0,0.0
1035.0,14.966503100000002,1.001889470000002,19.0,0.0
1036.0,14.866162300000001,1.999304290000002,19.0,0.0
1037.0,14.699425700000003,2.987789870000002,19.0,0.0
1038.0,14.467037200000002,3.962930920000002,19.0,0.0
1039.0,14.170036300000001,4.920372960000002,19.0,0.0
1040.0,13.809748600000002,5.855839250000002,19.0,0.0
1041.0,13.387782100000003,6.7651519800000015,19.0,0.0
1042.0,12.906024000000002,7.644249440000002,19.0,0.0
1043.0,12.366623900000002,8.489206310000002,19.0,0.0
1044.0,11.771990800000001,9.296248440000001,19.0,0.0
1045.0,11.124781600000002,10.061771400000001,19.0,0.0
1046.0,10.427886000000003,10.782355300000003,19.0,0.0
1047.0,9.684417720000003,11.454782500000002,19.0,0.0
1048.0,8.897696500000002,12.076050800000003,19.0,0.0
1049.0,8.071235660000001,12.643384000000001,19.0,0.0
1050.0,7.20872641,13.154249200000002,19.0,0.0
1051.0,6.31402159,13.606363300000002,19.0,0.0
1052.0,5.39111662,13.997709300000002,19.0,0.0
1053.0,4.44413376,14.326537100000001,19.0,0.0
1054.0,3.4773023100000002,14.591380100000002,19.0,0.0
1055.0,2.4949402800000002,14.791053800000002,19.0,0.0
1056.0,1.5014354000000003,14.924667400000002,19.0,0.0
1057.0,0.5012246370000002,14.991623900000002,19.0,0.0
1058.0,-0.5012246369999998,14.991623900000002,19.0,0.0
1059.0,-1.5014353999999999,14.924667400000002,19.0,0.0
1060.0,-2.4949402799999993,14.791053800000002,19.0,0.0
1061.0,-3.4773023099999993,14.591380100000002,19.0,0.0
1062.0,-4.44413376,14.326537100000001,19.0,0.0
1063.0,-5.39111662,13.9977093,19.0,0.0
1064.0,-6.31402159,13.6063633,19.0,0.0
1065.0,-7.20872641,13.1542492,19.0,0.0
1066.0,-8.071235659999997,12.643384,19.0,0.0
1067.0,-8.897696499999999,12.0760508,19.0,0.0
1068.0,-9.684417719999999,11.4547825,19.0,0.0
1069.0,-10.427885999999999,10.7823553,19.0,0.0
1070.0,-11.124781599999999,10.0617714,19.0,0.0
1071.0,-11.771990799999998,9.29624844,19.0,0.0
1072.0,-12.366623899999999,8.48920631,19.0,0.0
1073.0,-12.906023999999999,7.64424944,19.0,0.0
1074.0,-13.387782099999999,6.76515198,19.0,0.0
1075.0,-13.809748599999999,5.85583925,19.0,0.0
1076.0,-14.170036299999998,4.92037296,19.0,0.0
1077.0,-14.467037199999998,3.9629309200000002,19.0,0.0
1078.0,-14.699425699999999,2.9877898700000003,19.0,0.0
1079.0,-14.866162299999997,1.9993042900000002,19.0,0.0
1080.0,-14.966503099999999,1.0018894700000003,19.0,0.0
1081.0,-14.999999999999998,2.449293598294705e-16,19.0,0.0
1082.0,-14.966503099999999,-1.0018894699999998,19.0,0.0
1083.0,-14.866162299999997,-1.9993042899999998,19.0,0.0
1084.0,-14.699425699999999,-2.9877898699999994,19.0,0.0
1085.0,-14.467037199999998,-3.9629309199999994,19.0,0.0
1086.0,-14.170036299999998,-4.92037296,19.0,0.0
1087.0,-13.809748599999999,-5.85583925,19.0,0.0
1088.0,-13.387782099999999,-6.76515198,19.0,0.0
1089.0,-12.906023999999999,-7.64424944,19.0,0.0
1090.0,-12.366623899999999,-8.48920631,19.0,0.0
1091.0,-11.771990799999998,-9.29624844,19.0,0.0
1092.0,-11.124781599999999,-10.0617714,19.0,0.0
1093.0,-10.427885999999999,-10.7823553,19.0,0.0
1094.0,-9.684417719999999,-11.4547825,19.0,0.0
1095.0,-8.897696499999999,-12.0760508,19.0,0.0
1096.0,-8.071235659999997,-12.643384,19.0,0.0
1097.0,-7.208726409999998,-13.1542492,19.0,0.0
1098.0,-6.3140215899999985,-13.6063633,19.0,0.0
1099.0,-5.391116619999998,-13.9977093,19.0,0.0
1100.0,-4.444133759999998,-14.326537099999998,19.0,0.0
1101.0,-3.4773023099999976,-14.591380099999999,19.0,0.0
1102.0,-2.4949402799999976,-14.791053799999998,19.0,0.0
1103.0,-1.501435399999998,-14.924667399999999,19.0,0.0
1104.0,-0.501224636999998,-14.991623899999999,19.0,0.0
1105.0,0.501224637000002,-14.991623899999999,19.0,0.0
1106.0,1.501435400000002,-14.924667399999999,19.0,0.0
1107.0,2.494940280000002,-14.791053799999998,19.0,0.0
1108.0,3.477302310000002,-14.591380099999999,19.0,0.0
1109.0,4.4441337600000015,-14.326537099999998,19.0,0.0
1110.0,5.391116620000002,-13.997709299999999,19.0,0.0
1111.0,6.314021590000002,-13.606363299999998,19.0,0.0
1112.0,7.2087264100000015,-13.154249199999999,19.0,0.0
1113.0,8.071235660000001,-12.643383999999998,19.0,0.0
1114.0,8.897696500000002,-12.076050799999999,19.0,0.0
1115.0,9.684417720000003,-11.454782499999999,19.0,0.0
1116.0,10.427886000000003,-10.782355299999999,19.0,0.0
1117.0,11.124781600000002,-10.061771399999998,19.0,0.0
1118.0,11.771990800000001,-9.296248439999998,19.0,0.0
1119.0,12.366623900000002,-8.489206309999998,19.0,0.0
1120.0,12.906024000000002,-7.6442494399999985,19.0,0.0
1121.0,13.387782100000003,-6.765151979999998,19.0,0.0
1122.0,13.809748600000002,-5.855839249999998,19.0,0.0
1123.0,14.170036300000001,-4.920372959999998,19.0,0.0
1124.0,15.913740962363102,-4.35922402360445,19.0,1.4999999999999998
1125.0,16.169368256224697,-3.286568854200042,19.0,1.5000000000000002
1126.0,16.35277853272892,-2.199234719367001,19.0,1.5
1127.0,16.46315341814043,-1.1020784175449354,19.0,1.5
1128.0,15.000000000000002,2.0818995585505007e-15,19.0,0.0
1129.0,14.966503100000002,1.001889470000002,18.0,0.0
1130.0,14.866162300000001,1.999304290000002,18.0,0.0
1131.0,14.699425700000003,2.987789870000002,18.0,0.0
1132.0,14.467037200000002,3.9629309200000016,18.0,0.0
1133.0,14.170036300000001,4.920372960000002,18.0,0.0
1134.0,13.809748600000002,5.855839250000002,18.0,0.0
1135.0,13.387782100000003,6.7651519800000015,18.0,0.0
1136.0,12.906024000000002,7.644249440000002,18.0,0.0
1137.0,12.366623900000002,8.489206310000002,18.0,0.0
1138.0,11.771990800000001,9.296248440000001,18.0,0.0
1139.0,11.124781600000002,10.061771400000001,18.0,0.0
1140.0,10.427886000000003,10.782355300000003,18.0,0.0
1141.0,9.684417720000003,11.454782500000002,18.0,0.0
1142.0,8.897696500000002,12.076050800000003,18.0,0.0
1143.0,8.071235660000001,12.643384000000001,18.0,0.0
1144.0,7.20872641,13.154249200000002,18.0,0.0
1145.0,6.31402159,13.606363300000002,18.0,0.0
1146.0,5.39111662,13.997709300000002,18.0,0.0
1147.0,4.44413376,14.326537100000001,18.0,0.0
1148.0,3.47730231,14.591380100000002,18.0,0.0
1149.0,2.49494028,14.791053800000002,18.0,0.0
1150.0,1.5014354000000003,14.924667400000002,18.0,0.0
1151.0,0.5012246370000002,14.991623900000002,18.0,0.0
1152.0,-0.5012246369999998,14.991623900000002,18.0,0.0
1153.0,-1.5014353999999999,14.924667400000002,18.0,0.0
1154.0,-2.49494028,14.791053800000002,18.0,0.0
1155.0,-3.47730231,14.591380100000002,18.0,0.0
1156.0,-4.44413376,14.3265371,18.0,0.0
1157.0,-5.39111662,13.9977093,18.0,0.0
1158.0,-6.31402159,13.6063633,18.0,0.0
1159.0,-7.20872641,13.1542492,18.0,0.0
1160.0,-8.071235659999997,12.643384,18.0,0.0
1161.0,-8.897696499999999,12.0760508,18.0,0.0
1162.0,-9.684417719999999,11.4547825,18.0,0.0
1163.0,-10.427885999999999,10.7823553,18.0,0.0
1164.0,-11.124781599999999,10.0617714,18.0,0.0
1165.0,-11.771990799999998,9.29624844,18.0,0.0
1166.0,-12.366623899999999,8.48920631,18.0,0.0
1167.0,-12.906023999999999,7.64424944,18.0,0.0
1168.0,-13.387782099999999,6.76515198,18.0,0.0
1169.0,-13.809748599999999,5.85583925,18.0,0.0
1170.0,-14.170036299999998,4.92037296,18.0,0.0
1171.0,-14.467037199999998,3.96293092,18.0,0.0
1172.0,-14.699425699999999,2.98778987,18.0,0.0
1173.0,-14.866162299999997,1.9993042900000002,18.0,0.0
1174.0,-14.966503099999999,1.0018894700000003,18.0,0.0
1175.0,-14.999999999999998,1.8369701987210292e-16,18.0,0.0
1176.0,-14.966503099999999,-1.0018894699999998,18.0,0.0
1177.0,-14.866162299999997,-1.9993042899999998,18.0,0.0
1178.0,-14.699425699999999,-2.98778987,18.0,0.0
1179.0,-14.467037199999998,-3.96293092,18.0,0.0
1180.0,-14.170036299999998,-4.92037296,18.0,0.0
1181.0,-13.809748599999999,-5.85583925,18.0,0.0
1182.0,-13.387782099999999,-6.76515198,18.0,0.0
1183.0,-12.906023999999999,-7.64424944,18.0,0.0
1184.0,-12.366623899999999,-8.48920631,18.0,0.0
1185.0,-11.771990799999998,-9.29624844,18.0,0.0
1186.0,-11.124781599999999,-10.0617714,18.0,0.0
1187.0,-10.427885999999999,-10.7823553,18.0,0.0
1188.0,-9.684417719999999,-11.4547825,18.0,0.0
1189.0,-8.897696499999999,-12.0760508,18.0,0.0
1190.0,-8.071235659999997,-12.643384,18.0,0.0
1191.0,-7.208726409999998,-13.1542492,18.0,0.0
1192.0,-6.3140215899999985,-13.6063633,18.0,0.0
1193.0,-5.391116619999998,-13.9977093,18.0,0.0
1194.0,-4.444133759999998,-14.3265371,18.0,0.0
1195.0,-3.477302309999998,-14.591380099999999,18.0,0.0
1196.0,-2.494940279999998,-14.791053799999998,18.0,0.0
1197.0,-1.501435399999998,-14.924667399999999,18.0,0.0
1198.0,-0.501224636999998,-14.991623899999999,18.0,0.0
1199.0,0.501224637000002,-14.991623899999999,18.0,0.0
1200.0,1.501435400000002,-14.924667399999999,18.0,0.0
1201.0,2.4949402800000016,-14.791053799999998,18.0,0.0
1202.0,3.4773023100000016,-14.591380099999999,18.0,0.0
1203.0,4.4441337600000015,-14.326537099999998,18.0,0.0
1204.0,5.391116620000002,-13.997709299999999,18.0,0.0
1205.0,6.314021590000002,-13.606363299999998,18.0,0.0
1206.0,7.2087264100000015,-13.154249199999999,18.0,0.0
1207.0,8.071235660000001,-12.643383999999998,18.0,0.0
1208.0,8.897696500000002,-12.076050799999999,18.0,0.0
1209.0,9.684417720000003,-11.454782499999999,18.0,0.0
1210.0,10.427886000000003,-10.782355299999999,18.0,0.0
1211.0,11.124781600000002,-10.061771399999998,18.0,0.0
1212.0,11.771990800000001,-9.296248439999998,18.0,0.0
1213.0,12.366623900000002,-8.489206309999998,18.0,0.0
1214.0,12.906024000000002,-7.6442494399999985,18.0,0.0
1215.0,13.387782100000003,-6.765151979999998,18.0,0.0
1216.0,13.809748600000002,-5.855839249999998,18.0,0.0
1217.0,14.170036300000001,-4.920372959999998,18.0,0.0
1218.0,15.913740962363102,-4.359224023604451,18.0,1.4999999999999998
1219.0,16.169368256224697,-3.286568854200042,18.0,1.5000000000000002
1220.0,16.35277853272892,-2.199234719367001,18.0,1.5
1221.0,16.46315341814043,-1.1020784175449354,18.0,1.5
1222.0,15.000000000000002,2.020667218593133e-15,18.0,0.0
1223.0,14.966503100000002,1.001889470000002,17.0,0.0
1224.0,14.866162300000001,1.999304290000002,17.0,0.0
1225.0,14.699425700000003,2.9877898700000016,17.0,0.0
1226.0,14.467037200000002,3.9629309200000016,17.0,0.0
1227.0,14.170036300000001,4.920372960000002,17.0,0.0
1228.0,13.809748600000002,5.855839250000002,17.0,0.0
1229.0,13.387782100000003,6.7651519800000015,17.0,0.0
1230.0,12.906024000000002,7.644249440000002,17.0,0.0
1231.0,12.366623900000002,8.489206310000002,17.0,0.0
1232.0,11.771990800000001,9.296248440000001,17.0,0.0
1233.0,11.124781600000002,10.061771400000001,17.0,0.0
1234.0,10.427886000000003,10.782355300000003,17.0,0.0
1235.0,9.684417720000003,11.454782500000002,17.0,0.0
1236.0,8.897696500000002,12.076050800000003,17.0,0.0
1237.0,8.071235660000001,12.643384000000001,17.0,0.0
1238.0,7.20872641,13.154249200000002,17.0,0.0
1239.0,6.31402159,13.606363300000002,17.0,0.0
1240.0,5.39111662,13.997709300000002,17.0,0.0
1241.0,4.44413376,14.326537100000001,17.0,0.0
1242.0,3.47730231,14.591380100000002,17.0,0.0
1243.0,2.49494028,14.791053800000002,17.0,0.0
1244.0,1.5014354000000003,14.924667400000002,17.0,0.0
1245.0,0.5012246370000001,14.991623900000002,17.0,0.0
1246.0,-0.5012246369999999,14.991623900000002,17.0,0.0
1247.0,-1.5014353999999999,14.924667400000002,17.0,0.0
1248.0,-2.49494028,14.791053800000002,17.0,0.0
1249.0,-3.47730231,14.5913801,17.0,0.0
1250.0,-4.44413376,14.3265371,17.0,0.0
1251.0,-5.39111662,13.9977093,17.0,0.0
1252.0,-6.31402159,13.6063633,17.0,0.0
1253.0,-7.20872641,13.1542492,17.0,0.0
1254.0,-8.071235659999997,12.643384,17.0,0.0
1255.0,-8.897696499999999,12.0760508,17.0,0.0
1256.0,-9.684417719999999,11.4547825,17.0,0.0
1257.0,-10.427885999999999,10.7823553,17.0,0.0
1258.0,-11.124781599999999,10.0617714,17.0,0.0
1259.0,-11.771990799999998,9.29624844,17.0,0.0
1260.0,-12.366623899999999,8.48920631,17.0,0.0
1261.0,-12.906023999999999,7.64424944,17.0,0.0
1262.0,-13.387782099999999,6.76515198,17.0,0.0
1263.0,-13.809748599999999,5.85583925,17.0,0.0
1264.0,-14.170036299999998,4.92037296,17.0,0.0
1265.0,-14.467037199999998,3.96293092,17.0,0.0
1266.0,-14.699425699999999,2.98778987,17.0,0.0
1267.0,-14.866162299999997,1.9993042900000002,17.0,0.0
1268.0,-14.966503099999999,1.0018894700000003,17.0,0.0
1269.0,-14.999999999999998,1.2246467991473515e-16,17.0,0.0
1270.0,-14.966503099999999,-1.0018894699999998,17.0,0.0
1271.0,-14.866162299999997,-1.9993042899999998,17.0,0.0
1272.0,-14.699425699999999,-2.98778987,17.0,0.0
1273.0,-14.467037199999998,-3.96293092,17.0,0.0
1274.0,-14.170036299999998,-4.92037296,17.0,0.0
1275.0,-13.809748599999999,-5.85583925,17.0,0.0
1276.0,-13.387782099999999,-6.76515198,17.0,0.0
1277.0,-12.906023999999999,-7.64424944,17.0,0.0
1278.0,-12.366623899999999,-8.48920631,17.0,0.0
1279.0,-11.771990799999998,-9.29624844,17.0,0.0
1280.0,-11.124781599999999,-10.0617714,17.0,0.0
1281.0,-10.427885999999999,-10.7823553,17.0,0.0
1282.0,-9.684417719999999,-11.4547825,17.0,0.0
1283.0,-8.897696499999999,-12.0760508,17.0,0.0
1284.0,-8.071235659999997,-12.643384,17.0,0.0
1285.0,-7.208726409999998,-13.1542492,17.0,0.0
1286.0,-6.3140215899999985,-13.6063633,17.0,0.0
1287.0,-5.391116619999998,-13.9977093,17.0,0.0
1288.0,-4.444133759999998,-14.3265371,17.0,0.0
1289.0,-3.477302309999998,-14.5913801,17.0,0.0
1290.0,-2.494940279999998,-14.791053799999998,17.0,0.0
1291.0,-1.501435399999998,-14.924667399999999,17.0,0.0
1292.0,-0.5012246369999981,-14.991623899999999,17.0,0.0
1293.0,0.5012246370000019,-14.991623899999999,17.0,0.0
1294.0,1.501435400000002,-14.924667399999999,17.0,0.0
1295.0,2.4949402800000016,-14.791053799999998,17.0,0.0
1296.0,3.4773023100000016,-14.591380099999999,17.0,0.0
1297.0,4.4441337600000015,-14.326537099999998,17.0,0.0
1298.0,5.391116620000002,-13.997709299999999,17.0,0.0
1299.0,6.314021590000002,-13.606363299999998,17.0,0.0
1300.0,7.2087264100000015,-13.154249199999999,17.0,0.0
1301.0,8.071235660000001,-12.643383999999998,17.0,0.0
1302.0,8.897696500000002,-12.076050799999999,17.0,0.0
1303.0,9.684417720000003,-11.454782499999999,17.0,0.0
1304.0,10.427886000000003,-10.782355299999999,17.0,0.0
1305.0,11.124781600000002,-10.061771399999998,17.0,0.0
1306.0,11.771990800000001,-9.296248439999998,17.0,0.0
1307.0,12.366623900000002,-8.489206309999998,17.0,0.0
1308.0,12.906024000000002,-7.6442494399999985,17.0,0.0
1309.0,13.387782100000003,-6.765151979999998,17.0,0.0
1310.0,13.809748600000002,-5.855839249999998,17.0,0.0
1311.0,14.170036300000001,-4.920372959999998,17.0,0.0
1312.0,15.913740962363102,-4.359224023604451,17.0,1.4999999999999998
1313.0,16.169368256224697,-3.2865688542000426,17.0,1.5000000000000002
1314.0,16.35277853272892,-2.199234719367001,17.0,1.5
1315.0,16.46315341814043,-1.1020784175449354,17.0,1.5
1316.0,15.000000000000002,1.959434878635765e-15,17.0,0.0
1317.0,14.966503100000002,1.001889470000002,16.0,0.0
1318.0,14.866162300000001,1.999304290000002,16.0,0.0
1319.0,14.699425700000003,2.9877898700000016,16.0,0.0
1320.0,14.467037200000002,3.9629309200000016,16.0,0.0
1321.0,14.170036300000001,4.920372960000002,16.0,0.0
1322.0,13.809748600000002,5.855839250000002,16.0,0.0
1323.0,13.387782100000003,6.7651519800000015,16.0,0.0
1324.0,12.906024000000002,7.644249440000002,16.0,0.0
1325.0,12.366623900000002,8.489206310000002,16.0,0.0
1326.0,11.771990800000001,9.296248440000001,16.0,0.0
1327.0,11.124781600000002,10.061771400000001,16.0,0.0
1328.0,10.427886000000003,10.782355300000003,16.0,0.0
1329.0,9.684417720000003,11.454782500000002,16.0,0.0
1330.0,8.897696500000002,12.076050800000003,16.0,0.0
1331.0,8.071235660000001,12.643384000000001,16.0,0.0
1332.0,7.20872641,13.154249200000002,16.0,0.0
1333.0,6.31402159,13.606363300000002,16.0,0.0
1334.0,5.39111662,13.997709300000002,16.0,0.0
1335.0,4.44413376,14.326537100000001,16.0,0.0
1336.0,3.47730231,14.591380100000002,15.999999999999998,0.0
1337.0,2.49494028,14.791053800000002,15.999999999999998,0.0
1338.0,1.5014354,14.924667400000002,15.999999999999998,0.0
1339.0,0.5012246370000001,14.991623900000002,15.999999999999998,0.0
1340.0,-0.5012246369999999,14.991623900000002,15.999999999999998,0.0
1341.0,-1.5014354,14.9246674,15.999999999999998,0.0
1342.0,-2.49494028,14.7910538,15.999999999999998,0.0
1343.0,-3.47730231,14.5913801,15.999999999999998,0.0
1344.0,-4.44413376,14.3265371,16.0,0.0
1345.0,-5.39111662,13.9977093,16.0,0.0
1346.0,-6.31402159,13.6063633,16.0,0.0
1347.0,-7.20872641,13.1542492,16.0,0.0
1348.0,-8.071235659999997,12.643384,16.0,0.0
1349.0,-8.897696499999999,12.0760508,16.0,0.0
1350.0,-9.684417719999999,11.4547825,16.0,0.0
1351.0,-10.427885999999999,10.7823553,16.0,0.0
1352.0,-11.124781599999999,10.0617714,16.0,0.0
1353.0,-11.771990799999998,9.29624844,16.0,0.0
1354.0,-12.366623899999999,8.48920631,16.0,0.0
1355.0,-12.906023999999999,7.64424944,16.0,0.0
1356.0,-13.387782099999999,6.76515198,16.0,0.0
1357.0,-13.809748599999999,5.85583925,16.0,0.0
1358.0,-14.170036299999998,4.92037296,16.0,0.0
1359.0,-14.467037199999998,3.96293092,16.0,0.0
1360.0,-14.699425699999999,2.98778987,15.999999999999998,0.0
1361.0,-14.866162299999997,1.99930429,15.999999999999998,0.0
1362.0,-14.966503099999999,1.00188947,15.999999999999998,0.0
1363.0,-14.999999999999998,6.123233995736757e-17,15.999999999999998,0.0
1364.0,-14.966503099999999,-1.00188947,15.999999999999998,0.0
1365.0,-14.866162299999997,-1.99930429,15.999999999999998,0.0
1366.0,-14.699425699999999,-2.98778987,15.999999999999998,0.0
1367.0,-14.467037199999998,-3.96293092,16.0,0.0
1368.0,-14.170036299999998,-4.92037296,16.0,0.0
1369.0,-13.809748599999999,-5.85583925,16.0,0.0
1370.0,-13.387782099999999,-6.76515198,16.0,0.0
1371.0,-12.906023999999999,-7.64424944,16.0,0.0
1372.0,-12.366623899999999,-8.48920631,16.0,0.0
1373.0,-11.771990799999998,-9.29624844,16.0,0.0
1374.0,-11.124781599999999,-10.0617714,16.0,0.0
1375.0,-10.427885999999999,-10.7823553,16.0,0.0
1376.0,-9.684417719999999,-11.4547825,16.0,0.0
1377.0,-8.897696499999999,-12.0760508,16.0,0.0
1378.0,-8.071235659999997,-12.643384,16.0,0.0
1379.0,-7.208726409999998,-13.1542492,16.0,0.0
1380.0,-6.3140215899999985,-13.6063633,16.0,0.0
1381.0,-5.391116619999998,-13.9977093,16.0,0.0
1382.0,-4.444133759999998,-14.3265371,16.0,0.0
1383.0,-3.477302309999998,-14.5913801,16.0,0.0
1384.0,-2.494940279999998,-14.7910538,16.0,0.0
1385.0,-1.5014353999999983,-14.9246674,16.0,0.0
1386.0,-0.5012246369999981,-14.991623899999999,16.0,0.0
1387.0,0.5012246370000019,-14.991623899999999,16.0,0.0
1388.0,1.5014354000000019,-14.924667399999999,16.0,0.0
1389.0,2.4949402800000016,-14.791053799999998,16.0,0.0
1390.0,3.4773023100000016,-14.591380099999999,16.0,0.0
1391.0,4.4441337600000015,-14.326537099999998,16.0,0.0
1392.0,5.391116620000002,-13.997709299999999,16.0,0.0
1393.0,6.314021590000002,-13.606363299999998,16.0,0.0
1394.0,7.2087264100000015,-13.154249199999999,16.0,0.0
1395.0,8.071235660000001,-12.643383999999998,16.0,0.0
1396.0,8.897696500000002,-12.076050799999999,16.0,0.0
1397.0,9.684417720000003,-11.454782499999999,16.0,0.0
1398.0,10.427886000000003,-10.782355299999999,16.0,0.0
1399.0,11.124781600000002,-10.061771399999998,16.0,0.0
1400.0,11.771990800000001,-9.296248439999998,16.0,0.0
1401.0,12.366623900000002,-8.489206309999998,16.0,0.0
1402.0,12.906024000000002,-7.6442494399999985,16.0,0.0
1403.0,13.387782100000003,-6.765151979999998,16.0,0.0
1404.0,13.809748600000002,-5.855839249999998,16.0,0.0
1405.0,14.170036300000001,-4.920372959999998,16.0,0.0
1406.0,15.913740962363102,-4.359224023604451,16.0,1.4999999999999998
1407.0,16.169368256224697,-3.2865688542000426,16.0,1.5000000000000002
1408.0,16.35277853272892,-2.199234719367001,16.0,1.5
1409.0,16.46315341814043,-1.1020784175449354,16.0,1.5
1410.0,15.000000000000002,1.8982025386783976e-15,16.0,0.0
1411.0,14.966503100000002,1.0018894700000018,15.000000000000002,0.0
1412.0,14.866162300000001,1.9993042900000018,15.000000000000002,0.0
1413.0,14.699425700000003,2.9877898700000016,15.000000000000002,0.0
1414.0,14.467037200000002,3.9629309200000016,15.0,0.0
1415.0,14.170036300000001,4.920372960000002,15.0,0.0
1416.0,13.809748600000002,5.855839250000002,15.0,0.0
1417.0,13.387782100000003,6.7651519800000015,15.0,0.0
1418.0,12.906024000000002,7.644249440000002,15.0,0.0
1419.0,12.366623900000002,8.489206310000002,15.0,0.0
1420.0,11.771990800000001,9.296248440000001,15.0,0.0
1421.0,11.124781600000002,10.061771400000001,15.0,0.0
1422.0,10.427886000000003,10.782355300000003,15.0,0.0
1423.0,9.684417720000003,11.454782500000002,15.0,0.0
1424.0,8.897696500000002,12.076050800000003,15.0,0.0
1425.0,8.071235660000001,12.643384000000001,15.0,0.0
1426.0,7.20872641,13.154249200000002,15.0,0.0
1427.0,6.31402159,13.606363300000002,15.0,0.0
1428.0,5.39111662,13.997709300000002,15.0,0.0
1429.0,4.44413376,14.326537100000001,15.0,0.0
1430.0,3.47730231,14.591380100000002,14.999999999999998,0.0
1431.0,2.49494028,14.791053800000002,14.999999999999998,0.0
1432.0,1.5014354,14.924667400000002,14.999999999999998,0.0
1433.0,0.501224637,14.991623900000002,14.999999999999998,0.0
1434.0,-0.501224637,14.9916239,14.999999999999998,0.0
1435.0,-1.5014354,14.9246674,14.999999999999998,0.0
1436.0,-2.49494028,14.7910538,14.999999999999998,0.0
1437.0,-3.47730231,14.5913801,14.999999999999998,0.0
1438.0,-4.44413376,14.3265371,15.0,0.0
1439.0,-5.39111662,13.9977093,15.0,0.0
1440.0,-6.31402159,13.6063633,15.0,0.0
1441.0,-7.20872641,13.1542492,15.0,0.0
1442.0,-8.071235659999997,12.643384,15.0,0.0
1443.0,-8.897696499999999,12.0760508,15.0,0.0
1444.0,-9.684417719999999,11.4547825,15.0,0.0
1445.0,-10.427885999999999,10.7823553,15.0,0.0
1446.0,-11.124781599999999,10.0617714,15.0,0.0
1447.0,-11.771990799999998,9.29624844,15.0,0.0
1448.0,-12.366623899999999,8.48920631,15.0,0.0
1449.0,-12.906023999999999,7.64424944,15.0,0.0
1450.0,-13.387782099999999,6.76515198,15.0,0.0
1451.0,-13.809748599999999,5.85583925,15.0,0.0
1452.0,-14.170036299999998,4.92037296,15.0,0.0
1453.0,-14.467037199999998,3.96293092,15.0,0.0
1454.0,-14.699425699999999,2.98778987,14.999999999999998,0.0
1455.0,-14.866162299999997,1.99930429,14.999999999999998,0.0
1456.0,-14.966503099999999,1.00188947,14.999999999999998,0.0
1457.0,-14.999999999999998,0.0,14.999999999999998,0.0
1458.0,-14.966503099999999,-1.00188947,14.999999999999998,0.0
1459.0,-14.866162299999997,-1.99930429,14.999999999999998,0.0
1460.0,-14.699425699999999,-2.98778987,14.999999999999998,0.0
1461.0,-14.467037199999998,-3.96293092,15.0,0.0
1462.0,-14.170036299999998,-4.92037296,15.0,0.0
1463.0,-13.809748599999999,-5.85583925,15.0,0.0
1464.0,-13.387782099999999,-6.76515198,15.0,0.0
1465.0,-12.906023999999999,-7.64424944,15.0,0.0
1466.0,-12.366623899999999,-8.48920631,15.0,0.0
1467.0,-11.771990799999998,-9.29624844,15.0,0.0
1468.0,-11.124781599999999,-10.0617714,15.0,0.0
1469.0,-10.427885999999999,-10.7823553,15.0,0.0
1470.0,-9.684417719999999,-11.4547825,15.0,0.0
1471.0,-8.897696499999999,-12.0760508,15.0,0.0
1472.0,-8.071235659999997,-12.643384,15.0,0.0
1473.0,-7.208726409999998,-13.1542492,15.0,0.0
1474.0,-6.3140215899999985,-13.6063633,15.0,0.0
1475.0,-5.391116619999998,-13.9977093,15.0,0.0
1476.0,-4.444133759999998,-14.3265371,15.0,0.0
1477.0,-3.477302309999998,-14.5913801,15.000000000000002,0.0
1478.0,-2.494940279999998,-14.7910538,15.000000000000002,0.0
1479.0,-1.5014353999999983,-14.9246674,15.000000000000002,0.0
1480.0,-0.5012246369999982,-14.9916239,15.000000000000002,0.0
1481.0,0.5012246370000017,-14.991623899999999,15.000000000000002,0.0
1482.0,1.5014354000000019,-14.924667399999999,15.000000000000002,0.0
1483.0,2.4949402800000016,-14.791053799999998,15.000000000000002,0.0
1484.0,3.4773023100000016,-14.591380099999999,15.000000000000002,0.0
1485.0,4.4441337600000015,-14.326537099999998,15.0,0.0
1486.0,5.391116620000002,-13.997709299999999,15.0,0.0
1487.0,6.314021590000002,-13.606363299999998,15.0,0.0
1488.0,7.2087264100000015,-13.154249199999999,15.0,0.0
1489.0,8.071235660000001,-12.643383999999998,15.0,0.0
1490.0,8.897696500000002,-12.076050799999999,15.0,0.0
1491.0,9.684417720000003,-11.454782499999999,15.0,0.0
1492.0,10.427886000000003,-10.782355299999999,15.0,0.0
1493.0,11.124781600000002,-10.061771399999998,15.0,0.0
1494.0,11.771990800000001,-9.296248439999998,15.0,0.0
1495.0,12.366623900000002,-8.489206309999998,15.0,0.0
1496.0,12.906024000000002,-7.6442494399999985,15.0,0.0
1497.0,13.387782100000003,-6.765151979999998,15.0,0.0
1498.0,13.809748600000002,-5.855839249999998,15.0,0.0
1499.0,14.170036300000001,-4.920372959999998,15.0,0.0
1500.0,15.913740962363102,-4.359224023604451,15.0,1.4999999999999998
1501.0,16.169368256224697,-3.2865688542000426,15.000000000000002,1.5000000000000002
1502.0,16.35277853272892,-2.1992347193670017,15.000000000000002,1.5
1503.0,16.46315341814043,-1.1020784175449356,15.000000000000002,1.5
1504.0,15.000000000000002,1.83697019872103e-15,15.000000000000002,0.0
1505.0,14.9665031,1.0018894700000018,14.000000000000002,0.0
1506.0,14.8661623,1.9993042900000018,14.000000000000002,0.0
1507.0,14.6994257,2.9877898700000016,14.000000000000002,0.0
1508.0,14.4670372,3.9629309200000016,14.0,0.0
1509.0,14.1700363,4.920372960000002,14.0,0.0
1510.0,13.8097486,5.855839250000002,14.0,0.0
1511.0,13.3877821,6.7651519800000015,14.0,0.0
1512.0,12.906024,7.644249440000002,14.0,0.0
1513.0,12.3666239,8.489206310000002,14.0,0.0
1514.0,11.7719908,9.296248440000001,14.0,0.0
1515.0,11.1247816,10.061771400000001,14.0,0.0
1516.0,10.427886,10.782355300000003,14.0,0.0
1517.0,9.68441772,11.454782500000002,14.0,0.0
1518.0,8.8976965,12.076050800000003,14.0,0.0
1519.0,8.07123566,12.643384000000001,14.0,0.0
1520.0,7.20872641,13.154249200000002,14.0,0.0
1521.0,6.31402159,13.606363300000002,14.0,0.0
1522.0,5.39111662,13.997709300000002,14.0,0.0
1523.0,4.44413376,14.326537100000001,14.0,0.0
1524.0,3.47730231,14.591380100000002,13.999999999999998,0.0
1525.0,2.49494028,14.791053800000002,13.999999999999998,0.0
1526.0,1.5014354,14.924667400000002,13.999999999999998,0.0
1527.0,0.501224637,14.9916239,13.999999999999998,0.0
1528.0,-0.501224637,14.9916239,13.999999999999998,0.0
1529.0,-1.5014354,14.9246674,13.999999999999998,0.0
1530.0,-2.49494028,14.7910538,13.999999999999998,0.0
1531.0,-3.47730231,14.5913801,13.999999999999998,0.0
1532.0,-4.44413376,14.3265371,14.0,0.0
1533.0,-5.39111662,13.9977093,14.0,0.0
1534.0,-6.31402159,13.6063633,14.0,0.0
1535.0,-7.20872641,13.1542492,14.0,0.0
1536.0,-8.07123566,12.643384,14.0,0.0
1537.0,-8.8976965,12.0760508,14.0,0.0
1538.0,-9.68441772,11.4547825,14.0,0.0
1539.0,-10.427886,10.7823553,14.0,0.0
1540.0,-11.1247816,10.0617714,14.0,0.0
1541.0,-11.7719908,9.29624844,14.0,0.0
1542.0,-12.3666239,8.48920631,14.0,0.0
1543.0,-12.906024,7.64424944,14.0,0.0
1544.0,-13.3877821,6.76515198,14.0,0.0
1545.0,-13.8097486,5.85583925,14.0,0.0
1546.0,-14.1700363,4.92037296,14.0,0.0
1547.0,-14.4670372,3.96293092,14.0,0.0
1548.0,-14.6994257,2.98778987,13.999999999999998,0.0
1549.0,-14.8661623,1.99930429,13.999999999999998,0.0
1550.0,-14.9665031,1.00188947,13.999999999999998,0.0
1551.0,-15.0,-6.123233995736777e-17,13.999999999999998,0.0
1552.0,-14.9665031,-1.00188947,13.999999999999998,0.0
1553.0,-14.8661623,-1.99930429,13.999999999999998,0.0
1554.0,-14.6994257,-2.98778987,13.999999999999998,0.0
1555.0,-14.4670372,-3.96293092,14.0,0.0
1556.0,-14.1700363,-4.92037296,14.0,0.0
1557.0,-13.8097486,-5.85583925,14.0,0.0
1558.0,-13.3877821,-6.76515198,14.0,0.0
1559.0,-12.906024,-7.64424944,14.0,0.0
1560.0,-12.3666239,-8.48920631,14.0,0.0
1561.0,-11.7719908,-9.29624844,14.0,0.0
1562.0,-11.1247816,-10.0617714,14.0,0.0
1563.0,-10.427886,-10.7823553,14.0,0.0
1564.0,-9.68441772,-11.4547825,14.0,0.0
1565.0,-8.8976965,-12.0760508,14.0,0.0
1566.0,-8.07123566,-12.643384,14.0,0.0
1567.0,-7.208726409999998,-13.1542492,14.0,0.0
1568.0,-6.3140215899999985,-13.6063633,14.0,0.0
1569.0,-5.391116619999998,-13.9977093,14.0,0.0
1570.0,-4.444133759999998,-14.3265371,14.0,0.0
1571.0,-3.477302309999998,-14.5913801,14.000000000000002,0.0
1572.0,-2.494940279999998,-14.7910538,14.000000000000002,0.0
1573.0,-1.5014353999999983,-14.9246674,14.000000000000002,0.0
1574.0,-0.5012246369999982,-14.9916239,14.000000000000002,0.0
1575.0,0.5012246370000017,-14.9916239,14.000000000000002,0.0
1576.0,1.5014354000000019,-14.924667399999999,14.000000000000002,0.0
1577.0,2.4949402800000016,-14.791053799999998,14.000000000000002,0.0
1578.0,3.4773023100000016,-14.591380099999999,14.000000000000002,0.0
1579.0,4.4441337600000015,-14.326537099999998,14.0,0.0
1580.0,5.391116620000002,-13.997709299999999,14.0,0.0
1581.0,6.314021590000002,-13.606363299999998,14.0,0.0
1582.0,7.2087264100000015,-13.154249199999999,14.0,0.0
1583.0,8.07123566,-12.643383999999998,14.0,0.0
1584.0,8.8976965,-12.076050799999999,14.0,0.0
1585.0,9.68441772,-11.454782499999999,14.0,0.0
1586.0,10.427886,-10.782355299999999,14.0,0.0
1587.0,11.1247816,-10.061771399999998,14.0,0.0
1588.0,11.7719908,-9.296248439999998,14.0,0.0
1589.0,12.3666239,-8.489206309999998,14.0,0.0
1590.0,12.906024,-7.6442494399999985,14.0,0.0
1591.0,13.3877821,-6.765151979999998,14.0,0.0
1592.0,13.8097486,-5.855839249999998,14.0,0.0
1593.0,14.1700363,-4.920372959999998,14.0,0.0
1594.0,15.9137409623631,-4.359224023604451,14.0,1.4999999999999998
1595.0,16.169368256224697,-3.2865688542000426,14.000000000000002,1.5000000000000002
1596.0,16.35277853272892,-2.1992347193670017,14.000000000000002,1.5
1597.0,16.463153418140426,-1.1020784175449356,14.000000000000002,1.5
1598.0,15.0,1.7757378587636622e-15,14.000000000000002,0.0
1599.0,14.9665031,1.0018894700000018,13.000000000000002,0.0
1600.0,14.8661623,1.9993042900000018,13.000000000000002,0.0
1601.0,14.6994257,2.9877898700000016,13.000000000000002,0.0
1602.0,14.4670372,3.9629309200000016,13.0,0.0
1603.0,14.1700363,4.920372960000002,13.0,0.0
1604.0,13.8097486,5.855839250000002,13.0,0.0
1605.0,13.3877821,6.7651519800000015,13.0,0.0
1606.0,12.906024,7.644249440000002,13.0,0.0
1607.0,12.3666239,8.489206310000002,13.0,0.0
1608.0,11.7719908,9.296248440000001,13.0,0.0
1609.0,11.1247816,10.061771400000001,13.0,0.0
1610.0,10.427886,10.782355300000003,13.0,0.0
1611.0,9.68441772,11.454782500000002,13.0,0.0
1612.0,8.8976965,12.076050800000003,13.0,0.0
1613.0,8.07123566,12.643384000000001,13.0,0.0
1614.0,7.20872641,13.154249200000002,13.0,0.0
1615.0,6.31402159,13.606363300000002,13.0,0.0
1616.0,5.39111662,13.997709300000002,13.0,0.0
1617.0,4.44413376,14.326537100000001,13.0,0.0
1618.0,3.47730231,14.591380100000002,12.999999999999998,0.0
1619.0,2.49494028,14.791053800000002,12.999999999999998,0.0
1620.0,1.5014354,14.9246674,12.999999999999998,0.0
1621.0,0.5012246369999999,14.9916239,12.999999999999998,0.0
1622.0,-0.5012246370000001,14.9916239,12.999999999999998,0.0
1623.0,-1.5014354,14.9246674,12.999999999999998,0.0
1624.0,-2.49494028,14.7910538,12.999999999999998,0.0
1625.0,-3.47730231,14.5913801,12.999999999999998,0.0
1626.0,-4.44413376,14.3265371,13.0,0.0
1627.0,-5.39111662,13.9977093,13.0,0.0
1628.0,-6.31402159,13.6063633,13.0,0.0
1629.0,-7.20872641,13.1542492,13.0,0.0
1630.0,-8.07123566,12.643384,13.0,0.0
1631.0,-8.8976965,12.0760508,13.0,0.0
1632.0,-9.68441772,11.4547825,13.0,0.0
1633.0,-10.427886,10.7823553,13.0,0.0
1634.0,-11.1247816,10.0617714,13.0,0.0
1635.0,-11.7719908,9.29624844,13.0,0.0
1636.0,-12.3666239,8.48920631,13.0,0.0
1637.0,-12.906024,7.64424944,13.0,0.0
1638.0,-13.3877821,6.76515198,13.0,0.0
1639.0,-13.8097486,5.85583925,13.0,0.0
1640.0,-14.1700363,4.92037296,13.0,0.0
1641.0,-14.4670372,3.96293092,13.0,0.0
1642.0,-14.6994257,2.98778987,12.999999999999998,0.0
1643.0,-14.8661623,1.9993042899999998,12.999999999999998,0.0
1644.0,-14.9665031,1.0018894699999998,12.999999999999998,0.0
1645.0,-15.0,-1.2246467991473544e-16,12.999999999999998,0.0
1646.0,-14.9665031,-1.0018894700000003,12.999999999999998,0.0
1647.0,-14.8661623,-1.9993042900000002,12.999999999999998,0.0
1648.0,-14.6994257,-2.98778987,12.999999999999998,0.0
1649.0,-14.4670372,-3.96293092,13.0,0.0
1650.0,-14.1700363,-4.92037296,13.0,0.0
1651.0,-13.8097486,-5.85583925,13.0,0.0
1652.0,-13.3877821,-6.76515198,13.0,0.0
1653.0,-12.906024,-7.64424944,13.0,0.0
1654.0,-12.3666239,-8.48920631,13.0,0.0
1655.0,-11.7719908,-9.29624844,13.0,0.0
1656.0,-11.1247816,-10.0617714,13.0,0.0
1657.0,-10.427886,-10.7823553,13.0,0.0
1658.0,-9.68441772,-11.4547825,13.0,0.0
1659.0,-8.8976965,-12.0760508,13.0,0.0
1660.0,-8.07123566,-12.643384,13.0,0.0
1661.0,-7.208726409999998,-13.1542492,13.0,0.0
1662.0,-6.3140215899999985,-13.6063633,13.0,0.0
1663.0,-5.391116619999998,-13.9977093,13.0,0.0
1664.0,-4.444133759999998,-14.3265371,13.0,0.0
1665.0,-3.477302309999998,-14.5913801,13.000000000000002,0.0
1666.0,-2.494940279999998,-14.7910538,13.000000000000002,0.0
1667.0,-1.5014353999999983,-14.9246674,13.000000000000002,0.0
1668.0,-0.5012246369999983,-14.9916239,13.000000000000002,0.0
1669.0,0.5012246370000016,-14.9916239,13.000000000000002,0.0
1670.0,1.5014354000000019,-14.9246674,13.000000000000002,0.0
1671.0,2.4949402800000016,-14.791053799999998,13.000000000000002,0.0
1672.0,3.4773023100000016,-14.591380099999999,13.000000000000002,0.0
1673.0,4.4441337600000015,-14.326537099999998,13.0,0.0
1674.0,5.391116620000002,-13.997709299999999,13.0,0.0
1675.0,6.314021590000002,-13.606363299999998,13.0,0.0
1676.0,7.2087264100000015,-13.154249199999999,13.0,0.0
1677.0,8.07123566,-12.643383999999998,13.0,0.0
1678.0,8.8976965,-12.076050799999999,13.0,0.0
1679.0,9.68441772,-11.454782499999999,13.0,0.0
1680.0,10.427886,-10.782355299999999,13.0,0.0
1681.0,11.1247816,-10.061771399999998,13.0,0.0
1682.0,11.7719908,-9.296248439999998,13.0,0.0
1683.0,12.3666239,-8.489206309999998,13.0,0.0
1684.0,12.906024,-7.6442494399999985,13.0,0.0
1685.0,13.3877821,-6.765151979999998,13.0,0.0
1686.0,13.8097486,-5.855839249999998,13.0,0.0
1687.0,14.1700363,-4.920372959999998,13.0,0.0
1688.0,15.9137409623631,-4.359224023604451,13.0,1.4999999999999998
1689.0,16.169368256224697,-3.2865688542000426,13.000000000000002,1.5000000000000002
1690.0,16.35277853272892,-2.1992347193670017,13.000000000000002,1.5
1691.0,16.463153418140426,-1.1020784175449356,13.000000000000002,1.5
1692.0,15.0,1.7145055188062944e-15,13.000000000000002,0.0
1693.0,14.9665031,1.0018894700000016,12.000000000000002,0.0
1694.0,14.8661623,1.9993042900000015,12.000000000000002,0.0
1695.0,14.6994257,2.9877898700000016,12.000000000000002,0.0
1696.0,14.4670372,3.9629309200000016,12.0,0.0
1697.0,14.1700363,4.920372960000002,12.0,0.0
1698.0,13.8097486,5.855839250000002,12.0,0.0
1699.0,13.3877821,6.7651519800000015,12.0,0.0
1700.0,12.906024,7.644249440000002,12.0,0.0
1701.0,12.3666239,8.489206310000002,12.0,0.0
1702.0,11.7719908,9.296248440000001,12.0,0.0
1703.0,11.1247816,10.061771400000001,12.0,0.0
1704.0,10.427886,10.782355300000003,12.0,0.0
1705.0,9.68441772,11.454782500000002,12.0,0.0
1706.0,8.8976965,12.076050800000003,12.0,0.0
1707.0,8.07123566,12.643384000000001,12.0,0.0
1708.0,7.20872641,13.154249200000002,12.0,0.0
1709.0,6.31402159,13.606363300000002,12.0,0.0
1710.0,5.39111662,13.997709300000002,12.0,0.0
1711.0,4.44413376,14.326537100000001,12.0,0.0
1712.0,3.47730231,14.591380100000002,11.999999999999998,0.0
1713.0,2.49494028,14.7910538,11.999999999999998,0.0
1714.0,1.5014353999999999,14.9246674,11.999999999999998,0.0
1715.0,0.5012246369999999,14.9916239,11.999999999999998,0.0
1716.0,-0.5012246370000001,14.9916239,11.999999999999998,0.0
1717.0,-1.5014354000000003,14.9246674,11.999999999999998,0.0
1718.0,-2.49494028,14.7910538,11.999999999999998,0.0
1719.0,-3.47730231,14.5913801,11.999999999999998,0.0
1720.0,-4.44413376,14.3265371,12.0,0.0
1721.0,-5.39111662,13.9977093,12.0,0.0
1722.0,-6.31402159,13.6063633,12.0,0.0
1723.0,-7.20872641,13.1542492,12.0,0.0
1724.0,-8.07123566,12.643384,12.0,0.0
1725.0,-8.8976965,12.0760508,12.0,0.0
1726.0,-9.68441772,11.4547825,12.0,0.0
1727.0,-10.427886,10.7823553,12.0,0.0
1728.0,-11.1247816,10.0617714,12.0,0.0
1729.0,-11.7719908,9.29624844,12.0,0.0
1730.0,-12.3666239,8.48920631,12.0,0.0
1731.0,-12.906024,7.64424944,12.0,0.0
1732.0,-13.3877821,6.76515198,12.0,0.0
1733.0,-13.8097486,5.85583925,12.0,0.0
1734.0,-14.1700363,4.92037296,12.0,0.0
1735.0,-14.4670372,3.96293092,12.0,0.0
1736.0,-14.6994257,2.98778987,11.999999999999998,0.0
1737.0,-14.8661623,1.9993042899999998,11.999999999999998,0.0
1738.0,-14.9665031,1.0018894699999998,11.999999999999998,0.0
1739.0,-15.0,-1.8369701987210312e-16,11.999999999999998,0.0
1740.0,-14.9665031,-1.0018894700000003,11.999999999999998,0.0
1741.0,-14.8661623,-1.9993042900000002,11.999999999999998,0.0
1742.0,-14.6994257,-2.98778987,11.999999999999998,0.0
1743.0,-14.4670372,-3.96293092,12.0,0.0
1744.0,-14.1700363,-4.92037296,12.0,0.0
1745.0,-13.8097486,-5.85583925,12.0,0.0
1746.0,-13.3877821,-6.76515198,12.0,0.0
1747.0,-12.906024,-7.64424944,12.0,0.0
1748.0,-12.3666239,-8.48920631,12.0,0.0
1749.0,-11.7719908,-9.29624844,12.0,0.0
1750.0,-11.1247816,-10.0617714,12.0,0.0
1751.0,-10.427886,-10.7823553,12.0,0.0
1752.0,-9.68441772,-11.4547825,12.0,0.0
1753.0,-8.8976965,-12.0760508,12.0,0.0
1754.0,-8.07123566,-12.643384,12.0,0.0
1755.0,-7.208726409999998,-13.1542492,12.0,0.0
1756.0,-6.3140215899999985,-13.6063633,12.0,0.0
1757.0,-5.391116619999998,-13.9977093,12.0,0.0
1758.0,-4.444133759999998,-14.3265371,12.0,0.0
1759.0,-3.477302309999998,-14.5913801,12.000000000000002,0.0
1760.0,-2.494940279999998,-14.7910538,12.000000000000002,0.0
1761.0,-1.5014353999999985,-14.9246674,12.000000000000002,0.0
1762.0,-0.5012246369999983,-14.9916239,12.000000000000002,0.0
1763.0,0.5012246370000016,-14.9916239,12.000000000000002,0.0
1764.0,1.5014354000000016,-14.9246674,12.000000000000002,0.0
1765.0,2.4949402800000016,-14.7910538,12.000000000000002,0.0
1766.0,3.4773023100000016,-14.591380099999999,12.000000000000002,0.0
1767.0,4.4441337600000015,-14.326537099999998,12.0,0.0
1768.0,5.391116620000002,-13.997709299999999,12.0,0.0
1769.0,6.314021590000002,-13.606363299999998,12.0,0.0
1770.0,7.2087264100000015,-13.154249199999999,12.0,0.0
1771.0,8.07123566,-12.643383999999998,12.0,0.0
1772.0,8.8976965,-12.076050799999999,12.0,0.0
1773.0,9.68441772,-11.454782499999999,12.0,0.0
1774.0,10.427886,-10.782355299999999,12.0,0.0
1775.0,11.1247816,-10.061771399999998,12.0,0.0
1776.0,11.7719908,-9.296248439999998,12.0,0.0
1777.0,12.3666239,-8.489206309999998,12.0,0.0
1778.0,12.906024,-7.6442494399999985,12.0,0.0
1779.0,13.3877821,-6.765151979999998,12.0,0.0
1780.0,13.8097486,-5.855839249999998,12.0,0.0
1781.0,14.1700363,-4.920372959999998,12.0,0.0
1782.0,15.9137409623631,-4.359224023604451,12.0,1.4999999999999998
1783.0,16.169368256224697,-3.2865688542000426,12.000000000000002,1.5000000000000002
1784.0,16.35277853272892,-2.1992347193670017,12.000000000000002,1.5
1785.0,16.463153418140426,-1.1020784175449359,12.000000000000002,1.5
1786.0,15.0,1.6532731788489269e-15,12.000000000000002,0.0
1787.0,14.9665031,1.0018894700000016,11.000000000000002,0.0
1788.0,14.8661623,1.9993042900000015,11.000000000000002,0.0
1789.0,14.6994257,2.9877898700000016,11.000000000000002,0.0
1790.0,14.4670372,3.9629309200000016,11.0,0.0
1791.0,14.1700363,4.920372960000002,11.0,0.0
1792.0,13.8097486,5.855839250000002,11.0,0.0
1793.0,13.3877821,6.7651519800000015,11.0,0.0
1794.0,12.906024,7.644249440000002,11.0,0.0
1795.0,12.3666239,8.489206310000002,11.0,0.0
1796.0,11.7719908,9.296248440000001,11.0,0.0
1797.0,11.1247816,10.061771400000001,11.0,0.0
1798.0,10.427886,10.782355300000003,11.0,0.0
1799.0,9.68441772,11.454782500000002,11.0,0.0
1800.0,8.8976965,12.076050800000003,11.0,0.0
1801.0,8.07123566,12.643384000000001,11.0,0.0
1802.0,7.20872641,13.154249200000002,11.0,0.0
1803.0,6.31402159,13.606363300000002,11.0,0.0
1804.0,5.39111662,13.997709300000002,11.0,0.0
1805.0,4.44413376,14.326537100000001,11.0,0.0
1806.0,3.47730231,14.5913801,10.999999999999998,0.0
1807.0,2.49494028,14.7910538,10.999999999999998,0.0
1808.0,1.5014353999999999,14.9246674,10.999999999999998,0.0
1809.0,0.5012246369999998,14.9916239,10.999999999999998,0.0
1810.0,-0.5012246370000002,14.9916239,10.999999999999998,0.0
1811.0,-1.5014354000000003,14.9246674,10.999999999999998,0.0
1812.0,-2.49494028,14.7910538,10.999999999999998,0.0
1813.0,-3.47730231,14.5913801,10.999999999999998,0.0
1814.0,-4.44413376,14.3265371,11.0,0.0
1815.0,-5.39111662,13.9977093,11.0,0.0
1816.0,-6.31402159,13.6063633,11.0,0.0
1817.0,-7.20872641,13.1542492,11.0,0.0
1818.0,-8.07123566,12.643384,11.0,0.0
1819.0,-8.8976965,12.0760508,11.0,0.0
1820.0,-9.68441772,11.4547825,11.0,0.0
1821.0,-10.427886,10.7823553,11.0,0.0
1822.0,-11.1247816,10.0617714,11.0,0.0
1823.0,-11.7719908,9.29624844,11.0,0.0
1824.0,-12.3666239,8.48920631,11.0,0.0
1825.0,-12.906024,7.64424944,11.0,0.0
1826.0,-13.3877821,6.76515198,11.0,0.0
1827.0,-13.8097486,5.85583925,11.0,0.0
1828.0,-14.1700363,4.92037296,11.0,0.0
1829.0,-14.4670372,3.96293092,11.0,0.0
1830.0,-14.6994257,2.9877898699999994,10.999999999999998,0.0
1831.0,-14.8661623,1.9993042899999998,10.999999999999998,0.0
1832.0,-14.9665031,1.0018894699999998,10.999999999999998,0.0
1833.0,-15.0,-2.449293598294707e-16,10.999999999999998,0.0
1834.0,-14.9665031,-1.0018894700000003,10.999999999999998,0.0
1835.0,-14.8661623,-1.9993042900000002,10.999999999999998,0.0
1836.0,-14.6994257,-2.9877898700000003,10.999999999999998,0.0
1837.0,-14.4670372,-3.96293092,11.0,0.0
1838.0,-14.1700363,-4.92037296,11.0,0.0
1839.0,-13.8097486,-5.85583925,11.0,0.0
1840.0,-13.3877821,-6.76515198,11.0,0.0
1841.0,-12.906024,-7.64424944,11.0,0.0
1842.0,-12.3666239,-8.48920631,11.0,0.0
1843.0,-11.7719908,-9.29624844,11.0,0.0
1844.0,-11.1247816,-10.0617714,11.0,0.0
1845.0,-10.427886,-10.7823553,11.0,0.0
1846.0,-9.68441772,-11.4547825,11.0,0.0
1847.0,-8.8976965,-12.0760508,11.0,0.0
1848.0,-8.07123566,-12.643384,11.0,0.0
1849.0,-7.208726409999998,-13.1542492,11.0,0.0
1850.0,-6.3140215899999985,-13.6063633,11.0,0.0
1851.0,-5.391116619999998,-13.9977093,11.0,0.0
1852.0,-4.444133759999998,-14.3265371,11.0,0.0
1853.0,-3.477302309999998,-14.5913801,11.000000000000002,0.0
1854.0,-2.494940279999998,-14.7910538,11.000000000000002,0.0
1855.0,-1.5014353999999985,-14.9246674,11.000000000000002,0.0
1856.0,-0.5012246369999984,-14.9916239,11.000000000000002,0.0
1857.0,0.5012246370000015,-14.9916239,11.000000000000002,0.0
1858.0,1.5014354000000016,-14.9246674,11.000000000000002,0.0
1859.0,2.4949402800000016,-14.7910538,11.000000000000002,0.0
1860.0,3.4773023100000016,-14.5913801,11.000000000000002,0.0
1861.0,4.4441337600000015,-14.326537099999998,11.0,0.0
1862.0,5.391116620000002,-13.997709299999999,11.0,0.0
1863.0,6.314021590000002,-13.606363299999998,11.0,0.0
1864.0,7.2087264100000015,-13.154249199999999,11.0,0.0
1865.0,8.07123566,-12.643383999999998,11.0,0.0
1866.0,8.8976965,-12.076050799999999,11.0,0.0
1867.0,9.68441772,-11.454782499999999,11.0,0.0
1868.0,10.427886,-10.782355299999999,11.0,0.0
1869.0,11.1247816,-10.061771399999998,11.0,0.0
1870.0,11.7719908,-9.296248439999998,11.0,0.0
1871.0,12.3666239,-8.489206309999998,11.0,0.0
1872.0,12.906024,-7.6442494399999985,11.0,0.0
1873.0,13.3877821,-6.765151979999998,11.0,0.0
1874.0,13.8097486,-5.855839249999998,11.0,0.0
1875.0,14.1700363,-4.920372959999998,11.0,0.0
1876.0,15.9137409623631,-4.359224023604451,11.0,1.4999999999999998
1877.0,16.169368256224697,-3.2865688542000426,11.000000000000002,1.5000000000000002
1878.0,16.35277853272892,-2.1992347193670017,11.000000000000002,1.5
1879.0,16.463153418140426,-1.1020784175449359,11.000000000000002,1.5
1880.0,15.0,1.5920408388915593e-15,11.000000000000002,0.0
1881.0,14.9665031,1.0018894700000016,10.000000000000002,0.0
1882.0,14.8661623,1.9993042900000015,10.000000000000002,0.0
1883.0,14.6994257,2.987789870000001,10.000000000000002,0.0
1884.0,14.4670372,3.962930920000001,10.0,0.0
1885.0,14.1700363,4.920372960000002,10.0,0.0
1886.0,13.8097486,5.855839250000002,10.0,0.0
1887.0,13.3877821,6.7651519800000015,10.0,0.0
1888.0,12.906024,7.644249440000002,10.0,0.0
1889.0,12.3666239,8.489206310000002,10.0,0.0
1890.0,11.7719908,9.296248440000001,10.0,0.0
1891.0,11.1247816,10.061771400000001,10.0,0.0
1892.0,10.427886,10.782355300000003,10.0,0.0
1893.0,9.68441772,11.454782500000002,10.0,0.0
1894.0,8.8976965,12.076050800000003,10.0,0.0
1895.0,8.07123566,12.643384000000001,10.0,0.0
1896.0,7.20872641,13.154249200000002,10.0,0.0
1897.0,6.31402159,13.606363300000002,10.0,0.0
1898.0,5.39111662,13.997709300000002,10.0,0.0
1899.0,4.44413376,14.3265371,10.0,0.0
1900.0,3.4773023099999993,14.5913801,9.999999999999998,0.0
1901.0,2.4949402799999993,14.7910538,9.999999999999998,0.0
1902.0,1.5014353999999999,14.9246674,9.999999999999998,0.0
1903.0,0.5012246369999998,14.9916239,9.999999999999998,0.0
1904.0,-0.5012246370000002,14.9916239,9.999999999999998,0.0
1905.0,-1.5014354000000003,14.9246674,9.999999999999998,0.0
1906.0,-2.4949402800000002,14.7910538,9.999999999999998,0.0
1907.0,-3.4773023100000002,14.5913801,9.999999999999998,0.0
1908.0,-4.44413376,14.3265371,10.0,0.0
1909.0,-5.39111662,13.9977093,10.0,0.0
1910.0,-6.31402159,13.6063633,10.0,0.0
1911.0,-7.20872641,13.1542492,10.0,0.0
1912.0,-8.07123566,12.643384,10.0,0.0
1913.0,-8.8976965,12.0760508,10.0,0.0
1914.0,-9.68441772,11.4547825,10.0,0.0
1915.0,-10.427886,10.7823553,10.0,0.0
1916.0,-11.1247816,10.0617714,10.0,0.0
1917.0,-11.7719908,9.29624844,10.0,0.0
1918.0,-12.3666239,8.48920631,10.0,0.0
1919.0,-12.906024,7.64424944,10.0,0.0
1920.0,-13.3877821,6.76515198,10.0,0.0
1921.0,-13.8097486,5.85583925,10.0,0.0
1922.0,-14.1700363,4.92037296,10.0,0.0
1923.0,-14.4670372,3.9629309199999994,10.0,0.0
1924.0,-14.6994257,2.9877898699999994,9.999999999999998,0.0
1925.0,-14.8661623,1.9993042899999998,9.999999999999998,0.0
1926.0,-14.9665031,1.0018894699999998,9.999999999999998,0.0
1927.0,-15.0,-3.0616169978683836e-16,9.999999999999998,0.0
1928.0,-14.9665031,-1.0018894700000003,9.999999999999998,0.0
1929.0,-14.8661623,-1.9993042900000002,9.999999999999998,0.0
1930.0,-14.6994257,-2.9877898700000003,9.999999999999998,0.0
1931.0,-14.4670372,-3.9629309200000002,10.0,0.0
1932.0,-14.1700363,-4.92037296,10.0,0.0
1933.0,-13.8097486,-5.85583925,10.0,0.0
1934.0,-13.3877821,-6.76515198,10.0,0.0
1935.0,-12.906024,-7.64424944,10.0,0.0
1936.0,-12.3666239,-8.48920631,10.0,0.0
1937.0,-11.7719908,-9.29624844,10.0,0.0
1938.0,-11.1247816,-10.0617714,10.0,0.0
1939.0,-10.427886,-10.7823553,10.0,0.0
1940.0,-9.68441772,-11.4547825,10.0,0.0
1941.0,-8.8976965,-12.0760508,10.0,0.0
1942.0,-8.07123566,-12.643384,10.0,0.0
1943.0,-7.208726409999998,-13.1542492,10.0,0.0
1944.0,-6.3140215899999985,-13.6063633,10.0,0.0
1945.0,-5.391116619999998,-13.9977093,10.0,0.0
1946.0,-4.444133759999998,-14.3265371,10.0,0.0
1947.0,-3.4773023099999985,-14.5913801,10.000000000000002,0.0
1948.0,-2.4949402799999985,-14.7910538,10.000000000000002,0.0
1949.0,-1.5014353999999985,-14.9246674,10.000000000000002,0.0
1950.0,-0.5012246369999984,-14.9916239,10.000000000000002,0.0
1951.0,0.5012246370000015,-14.9916239,10.000000000000002,0.0
1952.0,1.5014354000000016,-14.9246674,10.000000000000002,0.0
1953.0,2.494940280000001,-14.7910538,10.000000000000002,0.0
1954.0,3.477302310000001,-14.5913801,10.000000000000002,0.0
1955.0,4.4441337600000015,-14.3265371,10.0,0.0
1956.0,5.391116620000002,-13.997709299999999,10.0,0.0
1957.0,6.314021590000002,-13.606363299999998,10.0,0.0
1958.0,7.2087264100000015,-13.154249199999999,10.0,0.0
1959.0,8.07123566,-12.643383999999998,10.0,0.0
1960.0,8.8976965,-12.076050799999999,10.0,0.0
1961.0,9.68441772,-11.454782499999999,10.0,0.0
1962.0,10.427886,-10.782355299999999,10.0,0.0
1963.0,11.1247816,-10.061771399999998,10.0,0.0
1964.0,11.7719908,-9.296248439999998,10.0,0.0
1965.0,12.3666239,-8.489206309999998,10.0,0.0
1966.0,12.906024,-7.6442494399999985,10.0,0.0
1967.0,13.3877821,-6.765151979999998,10.0,0.0
1968.0,13.8097486,-5.855839249999998,10.0,0.0
1969.0,14.1700363,-4.920372959999998,10.0,0.0
1970.0,15.9137409623631,-4.359224023604451,10.0,1.4999999999999998
1971.0,16.169368256224697,-3.286568854200043,10.000000000000002,1.5000000000000002
1972.0,16.35277853272892,-2.1992347193670017,10.000000000000002,1.5
1973.0,16.463153418140426,-1.1020784175449359,10.000000000000002,1.5000000000000002
1974.0,15.0,1.5308084989341917e-15,10.000000000000002,0.0
1975.0,14.9665031,1.0018894700000016,9.000000000000002,0.0
1976.0,14.8661623,1.9993042900000015,9.000000000000002,0.0
1977.0,14.6994257,2.987789870000001,9.000000000000002,0.0
1978.0,14.4670372,3.962930920000001,9.0,0.0
1979.0,14.1700363,4.920372960000002,9.0,0.0
1980.0,13.8097486,5.855839250000002,9.0,0.0
1981.0,13.3877821,6.7651519800000015,9.0,0.0
1982.0,12.906024,7.644249440000002,9.0,0.0
1983.0,12.3666239,8.489206310000002,9.0,0.0
1984.0,11.7719908,9.296248440000001,9.0,0.0
1985.0,11.1247816,10.061771400000001,9.0,0.0
1986.0,10.427886,10.782355300000003,9.0,0.0
1987.0,9.68441772,11.454782500000002,9.0,0.0
1988.0,8.8976965,12.076050800000003,9.0,0.0
1989.0,8.07123566,12.643384000000001,9.0,0.0
1990.0,7.20872641,13.154249200000002,9.0,0.0
1991.0,6.31402159,13.606363300000002,9.0,0.0
1992.0,5.39111662,13.9977093,9.0,0.0
1993.0,4.44413376,14.3265371,9.0,0.0
1994.0,3.4773023099999993,14.5913801,8.999999999999998,0.0
1995.0,2.4949402799999993,14.7910538,8.999999999999998,0.0
1996.0,1.5014353999999996,14.9246674,8.999999999999998,0.0
1997.0,0.5012246369999996,14.9916239,8.999999999999998,0.0
1998.0,-0.5012246370000003,14.9916239,8.999999999999998,0.0
1999.0,-1.5014354000000005,14.9246674,8.999999999999998,0.0
2000.0,-2.4949402800000002,14.7910538,8.999999999999998,0.0
2001.0,-3.4773023100000002,14.5913801,8.999999999999998,0.0
2002.0,-4.44413376,14.3265371,9.0,0.0
2003.0,-5.39111662,13.9977093,9.0,0.0
2004.0,-6.31402159,13.6063633,9.0,0.0
2005.0,-7.20872641,13.1542492,9.0,0.0
2006.0,-8.07123566,12.643384,9.0,0.0
2007.0,-8.8976965,12.0760508,9.0,0.0
2008.0,-9.68441772,11.4547825,9.0,0.0
2009.0,-10.427886,10.7823553,9.0,0.0
2010.0,-11.1247816,10.0617714,9.0,0.0
2011.0,-11.7719908,9.29624844,9.0,0.0
2012.0,-12.3666239,8.48920631,9.0,0.0
2013.0,-12.906024,7.64424944,9.0,0.0
2014.0,-13.3877821,6.76515198,9.0,0.0
2015.0,-13.8097486,5.85583925,9.0,0.0
2016.0,-14.1700363,4.92037296,9.0,0.0
2017.0,-14.4670372,3.9629309199999994,9.0,0.0
2018.0,-14.6994257,2.9877898699999994,8.999999999999998,0.0
2019.0,-14.8661623,1.9993042899999995,8.999999999999998,0.0
2020.0,-14.9665031,1.0018894699999996,8.999999999999998,0.0
2021.0,-15.0,-3.6739403974420604e-16,8.999999999999998,0.0
2022.0,-14.9665031,-1.0018894700000005,8.999999999999998,0.0
2023.0,-14.8661623,-1.9993042900000004,8.999999999999998,0.0
2024.0,-14.6994257,-2.9877898700000003,8.999999999999998,0.0
2025.0,-14.4670372,-3.9629309200000002,9.0,0.0
2026.0,-14.1700363,-4.92037296,9.0,0.0
2027.0,-13.8097486,-5.85583925,9.0,0.0
2028.0,-13.3877821,-6.76515198,9.0,0.0
2029.0,-12.906024,-7.64424944,9.0,0.0
2030.0,-12.3666239,-8.48920631,9.0,0.0
2031.0,-11.7719908,-9.29624844,9.0,0.0
2032.0,-11.1247816,-10.0617714,9.0,0.0
2033.0,-10.427886,-10.7823553,9.0,0.0
2034.0,-9.68441772,-11.4547825,9.0,0.0
2035.0,-8.8976965,-12.0760508,9.0,0.0
2036.0,-8.07123566,-12.643384,9.0,0.0
2037.0,-7.208726409999998,-13.1542492,9.0,0.0
2038.0,-6.3140215899999985,-13.6063633,9.0,0.0
2039.0,-5.391116619999998,-13.9977093,9.0,0.0
2040.0,-4.444133759999998,-14.3265371,9.0,0.0
2041.0,-3.4773023099999985,-14.5913801,9.000000000000002,0.0
2042.0,-2.4949402799999985,-14.7910538,9.000000000000002,0.0
2043.0,-1.5014353999999988,-14.9246674,9.000000000000002,0.0
2044.0,-0.5012246369999985,-14.9916239,9.000000000000002,0.0
2045.0,0.5012246370000014,-14.9916239,9.000000000000002,0.0
2046.0,1.5014354000000014,-14.9246674,9.000000000000002,0.0
2047.0,2.494940280000001,-14.7910538,9.000000000000002,0.0
2048.0,3.477302310000001,-14.5913801,9.000000000000002,0.0
2049.0,4.4441337600000015,-14.3265371,9.0,0.0
2050.0,5.391116620000002,-13.9977093,9.0,0.0
2051.0,6.314021590000002,-13.606363299999998,9.0,0.0
2052.0,7.2087264100000015,-13.154249199999999,9.0,0.0
2053.0,8.07123566,-12.643383999999998,9.0,0.0
2054.0,8.8976965,-12.076050799999999,9.0,0.0
2055.0,9.68441772,-11.454782499999999,9.0,0.0
2056.0,10.427886,-10.782355299999999,9.0,0.0
2057.0,11.1247816,-10.061771399999998,9.0,0.0
2058.0,11.7719908,-9.296248439999998,9.0,0.0
2059.0,12.3666239,-8.489206309999998,9.0,0.0
2060.0,12.906024,-7.6442494399999985,9.0,0.0
2061.0,13.3877821,-6.765151979999998,9.0,0.0
2062.0,13.8097486,-5.855839249999998,9.0,0.0
2063.0,14.1700363,-4.920372959999998,9.0,0.0
2064.0,15.9137409623631,-4.359224023604451,9.0,1.4999999999999998
2065.0,16.169368256224697,-3.286568854200043,9.000000000000002,1.5000000000000002
2066.0,16.35277853272892,-2.1992347193670017,9.000000000000002,1.5
2067.0,16.463153418140426,-1.1020784175449359,9.000000000000002,1.5
2068.0,15.0,1.469576158976824e-15,9.000000000000002,0.0
2069.0,14.9665031,1.0018894700000014,8.000000000000002,0.0
2070.0,14.8661623,1.9993042900000013,8.000000000000002,0.0
2071.0,14.6994257,2.987789870000001,8.000000000000002,0.0
2072.0,14.4670372,3.962930920000001,8.0,0.0
2073.0,14.1700363,4.920372960000002,8.0,0.0
2074.0,13.8097486,5.855839250000002,8.0,0.0
2075.0,13.3877821,6.765151980000001,8.0,0.0
2076.0,12.906024,7.644249440000001,7.999999999999999,0.0
2077.0,12.3666239,8.489206310000002,7.999999999999999,0.0
2078.0,11.7719908,9.296248440000001,7.999999999999999,0.0
2079.0,11.1247816,10.061771400000001,7.999999999999999,0.0
2080.0,10.427886,10.782355300000003,7.999999999999999,0.0
2081.0,9.68441772,11.454782500000002,7.999999999999999,0.0
2082.0,8.8976965,12.076050800000003,7.999999999999999,0.0
2083.0,8.07123566,12.643384000000001,7.999999999999999,0.0
2084.0,7.20872641,13.154249200000002,7.999999999999999,0.0
2085.0,6.31402159,13.6063633,7.999999999999999,0.0
2086.0,5.39111662,13.9977093,7.999999999999999,0.0
2087.0,4.44413376,14.3265371,7.999999999999999,0.0
2088.0,3.4773023099999993,14.5913801,7.999999999999999,0.0
2089.0,2.4949402799999993,14.7910538,7.999999999999999,0.0
2090.0,1.5014353999999996,14.9246674,7.999999999999999,0.0
2091.0,0.5012246369999995,14.9916239,7.999999999999999,0.0
2092.0,-0.5012246370000004,14.9916239,7.999999999999999,0.0
2093.0,-1.5014354000000005,14.9246674,7.999999999999999,0.0
2094.0,-2.4949402800000002,14.7910538,7.999999999999999,0.0
2095.0,-3.4773023100000002,14.5913801,7.999999999999999,0.0
2096.0,-4.44413376,14.3265371,7.999999999999999,0.0
2097.0,-5.39111662,13.9977093,7.999999999999999,0.0
2098.0,-6.31402159,13.6063633,7.999999999999999,0.0
2099.0,-7.20872641,13.1542492,7.999999999999999,0.0
2100.0,-8.07123566,12.643384,7.999999999999998,0.0
2101.0,-8.8976965,12.0760508,7.999999999999998,0.0
2102.0,-9.68441772,11.4547825,7.999999999999998,0.0
2103.0,-10.427886,10.7823553,7.999999999999998,0.0
2104.0,-11.1247816,10.0617714,7.999999999999998,0.0
2105.0,-11.7719908,9.29624844,7.999999999999998,0.0
2106.0,-12.3666239,8.48920631,7.999999999999998,0.0
2107.0,-12.906024,7.64424944,7.999999999999998,0.0
2108.0,-13.3877821,6.76515198,7.999999999999999,0.0
2109.0,-13.8097486,5.85583925,7.999999999999999,0.0
2110.0,-14.1700363,4.92037296,7.999999999999999,0.0
2111.0,-14.4670372,3.9629309199999994,7.999999999999999,0.0
2112.0,-14.6994257,2.9877898699999994,7.999999999999999,0.0
2113.0,-14.8661623,1.9993042899999995,7.999999999999999,0.0
2114.0,-14.9665031,1.0018894699999996,7.999999999999999,0.0
2115.0,-15.0,-4.286263797015737e-16,7.999999999999999,0.0
2116.0,-14.9665031,-1.0018894700000005,7.999999999999999,0.0
2117.0,-14.8661623,-1.9993042900000004,7.999999999999999,0.0
2118.0,-14.6994257,-2.9877898700000003,7.999999999999999,0.0
2119.0,-14.4670372,-3.9629309200000002,7.999999999999999,0.0
2120.0,-14.1700363,-4.92037296,7.999999999999999,0.0
2121.0,-13.8097486,-5.85583925,7.999999999999999,0.0
2122.0,-13.3877821,-6.76515198,7.999999999999999,0.0
2123.0,-12.906024,-7.64424944,8.0,0.0
2124.0,-12.3666239,-8.48920631,8.0,0.0
2125.0,-11.7719908,-9.29624844,8.0,0.0
2126.0,-11.1247816,-10.0617714,8.0,0.0
2127.0,-10.427886,-10.7823553,8.0,0.0
2128.0,-9.68441772,-11.4547825,8.0,0.0
2129.0,-8.8976965,-12.0760508,8.0,0.0
2130.0,-8.07123566,-12.643384,8.0,0.0
2131.0,-7.208726409999998,-13.1542492,8.0,0.0
2132.0,-6.3140215899999985,-13.6063633,8.0,0.0
2133.0,-5.391116619999998,-13.9977093,8.0,0.0
2134.0,-4.444133759999998,-14.3265371,8.0,0.0
2135.0,-3.4773023099999985,-14.5913801,8.000000000000002,0.0
2136.0,-2.4949402799999985,-14.7910538,8.000000000000002,0.0
2137.0,-1.5014353999999988,-14.9246674,8.000000000000002,0.0
2138.0,-0.5012246369999986,-14.9916239,8.000000000000002,0.0
2139.0,0.5012246370000013,-14.9916239,8.000000000000002,0.0
2140.0,1.5014354000000014,-14.9246674,8.000000000000002,0.0
2141.0,2.494940280000001,-14.7910538,8.000000000000002,0.0
2142.0,3.477302310000001,-14.5913801,8.000000000000002,0.0
2143.0,4.4441337600000015,-14.3265371,8.0,0.0
2144.0,5.391116620000002,-13.9977093,8.0,0.0
2145.0,6.314021590000002,-13.6063633,8.0,0.0
2146.0,7.2087264100000015,-13.154249199999999,8.0,0.0
2147.0,8.07123566,-12.643383999999998,8.0,0.0
2148.0,8.8976965,-12.076050799999999,8.0,0.0
2149.0,9.68441772,-11.454782499999999,8.0,0.0
2150.0,10.427886,-10.782355299999999,8.0,0.0
2151.0,11.1247816,-10.061771399999998,8.0,0.0
2152.0,11.7719908,-9.296248439999998,8.0,0.0
2153.0,12.3666239,-8.489206309999998,8.0,0.0
2154.0,12.906024,-7.644249439999999,8.0,0.0
2155.0,13.3877821,-6.765151979999999,8.0,0.0
2156.0,13.8097486,-5.855839249999998,8.0,0.0
2157.0,14.1700363,-4.920372959999998,8.0,0.0
2158.0,15.9137409623631,-4.359224023604451,8.0,1.4999999999999998
2159.0,16.169368256224697,-3.286568854200043,8.000000000000002,1.5000000000000002
2160.0,16.35277853272892,-2.199234719367002,8.000000000000002,1.5
2161.0,16.463153418140426,-1.102078417544936,8.000000000000002,1.5
2162.0,15.0,1.4083438190194562e-15,8.000000000000002,0.0
2163.0,14.9665031,1.0018894700000014,7.000000000000001,0.0
2164.0,14.8661623,1.9993042900000013,7.000000000000001,0.0
2165.0,14.6994257,2.987789870000001,7.000000000000001,0.0
2166.0,14.4670372,3.962930920000001,7.000000000000001,0.0
2167.0,14.1700363,4.920372960000001,7.000000000000001,0.0
2168.0,13.8097486,5.855839250000001,7.000000000000001,0.0
2169.0,13.3877821,6.765151980000001,7.000000000000001,0.0
2170.0,12.906024,7.644249440000001,7.0,0.0
2171.0,12.3666239,8.489206310000002,7.0,0.0
2172.0,11.7719908,9.296248440000001,7.0,0.0
2173.0,11.1247816,10.061771400000001,7.0,0.0
2174.0,10.427886,10.782355300000003,7.0,0.0
2175.0,9.68441772,11.454782500000002,7.0,0.0
2176.0,8.8976965,12.076050800000003,7.0,0.0
2177.0,8.07123566,12.643384000000001,7.0,0.0
2178.0,7.208726409999999,13.1542492,6.999999999999999,0.0
2179.0,6.314021589999999,13.6063633,6.999999999999999,0.0
2180.0,5.391116619999999,13.9977093,6.999999999999999,0.0
2181.0,4.444133759999999,14.3265371,6.999999999999999,0.0
2182.0,3.4773023099999993,14.5913801,6.999999999999999,0.0
2183.0,2.4949402799999993,14.7910538,6.999999999999999,0.0
2184.0,1.5014353999999996,14.9246674,6.999999999999999,0.0
2185.0,0.5012246369999995,14.9916239,6.999999999999999,0.0
2186.0,-0.5012246370000004,14.9916239,6.999999999999999,0.0
2187.0,-1.5014354000000005,14.9246674,6.999999999999999,0.0
2188.0,-2.4949402800000002,14.7910538,6.999999999999999,0.0
2189.0,-3.4773023100000002,14.5913801,6.999999999999999,0.0
2190.0,-4.444133760000001,14.3265371,6.999999999999999,0.0
2191.0,-5.391116620000001,13.9977093,6.999999999999999,0.0
2192.0,-6.314021590000001,13.6063633,6.999999999999999,0.0
2193.0,-7.208726410000001,13.1542492,6.999999999999999,0.0
2194.0,-8.07123566,12.643384,6.999999999999998,0.0
2195.0,-8.8976965,12.0760508,6.999999999999998,0.0
2196.0,-9.68441772,11.4547825,6.999999999999998,0.0
2197.0,-10.427886,10.7823553,6.999999999999998,0.0
2198.0,-11.1247816,10.0617714,6.999999999999998,0.0
2199.0,-11.7719908,9.29624844,6.999999999999998,0.0
2200.0,-12.3666239,8.48920631,6.999999999999998,0.0
2201.0,-12.906024,7.64424944,6.999999999999998,0.0
2202.0,-13.3877821,6.76515198,6.999999999999999,0.0
2203.0,-13.8097486,5.85583925,6.999999999999999,0.0
2204.0,-14.1700363,4.92037296,6.999999999999999,0.0
2205.0,-14.4670372,3.9629309199999994,6.999999999999999,0.0
2206.0,-14.6994257,2.9877898699999994,6.999999999999999,0.0
2207.0,-14.8661623,1.9993042899999995,6.999999999999999,0.0
2208.0,-14.9665031,1.0018894699999996,6.999999999999999,0.0
2209.0,-15.0,-4.898587196589414e-16,6.999999999999999,0.0
2210.0,-14.9665031,-1.0018894700000005,6.999999999999999,0.0
2211.0,-14.8661623,-1.9993042900000004,6.999999999999999,0.0
2212.0,-14.6994257,-2.9877898700000003,6.999999999999999,0.0
2213.0,-14.4670372,-3.9629309200000002,6.999999999999999,0.0
2214.0,-14.1700363,-4.92037296,6.999999999999999,0.0
2215.0,-13.8097486,-5.85583925,6.999999999999999,0.0
2216.0,-13.3877821,-6.76515198,6.999999999999999,0.0
2217.0,-12.906024,-7.64424944,7.0,0.0
2218.0,-12.3666239,-8.48920631,7.0,0.0
2219.0,-11.7719908,-9.29624844,7.0,0.0
2220.0,-11.1247816,-10.0617714,7.0,0.0
2221.0,-10.427886,-10.7823553,7.0,0.0
2222.0,-9.68441772,-11.4547825,7.0,0.0
2223.0,-8.8976965,-12.0760508,7.0,0.0
2224.0,-8.07123566,-12.643384,7.0,0.0
2225.0,-7.208726409999999,-13.1542492,7.000000000000001,0.0
2226.0,-6.314021589999999,-13.6063633,7.000000000000001,0.0
2227.0,-5.391116619999999,-13.9977093,7.000000000000001,0.0
2228.0,-4.444133759999999,-14.3265371,7.000000000000001,0.0
2229.0,-3.4773023099999985,-14.5913801,7.000000000000001,0.0
2230.0,-2.4949402799999985,-14.7910538,7.000000000000001,0.0
2231.0,-1.5014353999999988,-14.9246674,7.000000000000001,0.0
2232.0,-0.5012246369999986,-14.9916239,7.000000000000001,0.0
2233.0,0.5012246370000013,-14.9916239,7.000000000000001,0.0
2234.0,1.5014354000000014,-14.9246674,7.000000000000001,0.0
2235.0,2.494940280000001,-14.7910538,7.000000000000001,0.0
2236.0,3.477302310000001,-14.5913801,7.000000000000001,0.0
2237.0,4.444133760000001,-14.3265371,7.000000000000001,0.0
2238.0,5.391116620000001,-13.9977093,7.000000000000001,0.0
2239.0,6.314021590000001,-13.6063633,7.000000000000001,0.0
2240.0,7.208726410000001,-13.1542492,7.000000000000001,0.0
2241.0,8.07123566,-12.643383999999998,7.000000000000002,0.0
2242.0,8.8976965,-12.076050799999999,7.000000000000002,0.0
2243.0,9.68441772,-11.454782499999999,7.000000000000002,0.0
2244.0,10.427886,-10.782355299999999,7.000000000000002,0.0
2245.0,11.1247816,-10.061771399999998,7.000000000000002,0.0
2246.0,11.7719908,-9.296248439999998,7.000000000000002,0.0
2247.0,12.3666239,-8.489206309999998,7.000000000000002,0.0
2248.0,12.906024,-7.644249439999999,7.000000000000002,0.0
2249.0,13.3877821,-6.765151979999999,7.000000000000001,0.0
2250.0,13.8097486,-5.855839249999999,7.000000000000001,0.0
2251.0,14.1700363,-4.920372959999999,7.000000000000001,0.0
2252.0,15.9137409623631,-4.359224023604451,7.000000000000001,1.4999999999999998
2253.0,16.169368256224697,-3.286568854200043,7.000000000000001,1.5000000000000002
2254.0,16.35277853272892,-2.199234719367002,7.000000000000001,1.5
2255.0,16.463153418140426,-1.102078417544936,7.000000000000001,1.5
2256.0,15.0,1.3471114790620886e-15,7.000000000000001,0.0
2257.0,14.9665031,1.0018894700000014,6.000000000000001,0.0
2258.0,14.8661623,1.9993042900000013,6.000000000000001,0.0
2259.0,14.6994257,2.987789870000001,6.000000000000001,0.0
2260.0,14.4670372,3.962930920000001,6.000000000000001,0.0
2261.0,14.1700363,4.920372960000001,6.000000000000001,0.0
2262.0,13.8097486,5.855839250000001,6.000000000000001,0.0
2263.0,13.3877821,6.765151980000001,6.000000000000001,0.0
2264.0,12.906024,7.644249440000001,6.0,0.0
2265.0,12.3666239,8.489206310000002,6.0,0.0
2266.0,11.7719908,9.296248440000001,6.0,0.0
2267.0,11.1247816,10.061771400000001,6.0,0.0
2268.0,10.427886,10.782355300000003,6.0,0.0
2269.0,9.68441772,11.454782500000002,6.0,0.0
2270.0,8.8976965,12.076050800000003,6.0,0.0
2271.0,8.07123566,12.643384,6.0,0.0
2272.0,7.208726409999999,13.1542492,5.999999999999999,0.0
2273.0,6.314021589999999,13.6063633,5.999999999999999,0.0
2274.0,5.391116619999999,13.9977093,5.999999999999999,0.0
2275.0,4.444133759999999,14.3265371,5.999999999999999,0.0
2276.0,3.4773023099999993,14.5913801,5.999999999999999,0.0
2277.0,2.4949402799999993,14.7910538,5.999999999999999,0.0
2278.0,1.5014353999999996,14.9246674,5.999999999999999,0.0
2279.0,0.5012246369999994,14.9916239,5.999999999999999,0.0
2280.0,-0.5012246370000005,14.9916239,5.999999999999999,0.0
2281.0,-1.5014354000000005,14.9246674,5.999999999999999,0.0
2282.0,-2.4949402800000002,14.7910538,5.999999999999999,0.0
2283.0,-3.4773023100000002,14.5913801,5.999999999999999,0.0
2284.0,-4.444133760000001,14.3265371,5.999999999999999,0.0
2285.0,-5.391116620000001,13.9977093,5.999999999999999,0.0
2286.0,-6.314021590000001,13.6063633,5.999999999999999,0.0
2287.0,-7.208726410000001,13.1542492,5.999999999999999,0.0
2288.0,-8.07123566,12.643384,5.999999999999998,0.0
2289.0,-8.8976965,12.0760508,5.999999999999998,0.0
2290.0,-9.68441772,11.4547825,5.999999999999998,0.0
2291.0,-10.427886,10.7823553,5.999999999999998,0.0
2292.0,-11.1247816,10.0617714,5.999999999999998,0.0
2293.0,-11.7719908,9.29624844,5.999999999999998,0.0
2294.0,-12.3666239,8.48920631,5.999999999999998,0.0
2295.0,-12.906024,7.64424944,5.999999999999998,0.0
2296.0,-13.3877821,6.765151979999999,5.999999999999999,0.0
2297.0,-13.8097486,5.855839249999999,5.999999999999999,0.0
2298.0,-14.1700363,4.920372959999999,5.999999999999999,0.0
2299.0,-14.4670372,3.9629309199999994,5.999999999999999,0.0
2300.0,-14.6994257,2.9877898699999994,5.999999999999999,0.0
2301.0,-14.8661623,1.9993042899999995,5.999999999999999,0.0
2302.0,-14.9665031,1.0018894699999996,5.999999999999999,0.0
2303.0,-15.0,-5.510910596163091e-16,5.999999999999999,0.0
2304.0,-14.9665031,-1.0018894700000005,5.999999999999999,0.0
2305.0,-14.8661623,-1.9993042900000004,5.999999999999999,0.0
2306.0,-14.6994257,-2.9877898700000003,5.999999999999999,0.0
2307.0,-14.4670372,-3.9629309200000002,5.999999999999999,0.0
2308.0,-14.1700363,-4.920372960000001,5.999999999999999,0.0
2309.0,-13.8097486,-5.855839250000001,5.999999999999999,0.0
2310.0,-13.3877821,-6.765151980000001,5.999999999999999,0.0
2311.0,-12.906024,-7.64424944,6.0,0.0
2312.0,-12.3666239,-8.48920631,6.0,0.0
2313.0,-11.7719908,-9.29624844,6.0,0.0
2314.0,-11.1247816,-10.0617714,6.0,0.0
2315.0,-10.427886,-10.7823553,6.0,0.0
2316.0,-9.68441772,-11.4547825,6.0,0.0
2317.0,-8.8976965,-12.0760508,6.0,0.0
2318.0,-8.07123566,-12.643384,6.0,0.0
2319.0,-7.208726409999999,-13.1542492,6.000000000000001,0.0
2320.0,-6.314021589999999,-13.6063633,6.000000000000001,0.0
2321.0,-5.391116619999999,-13.9977093,6.000000000000001,0.0
2322.0,-4.444133759999999,-14.3265371,6.000000000000001,0.0
2323.0,-3.4773023099999985,-14.5913801,6.000000000000001,0.0
2324.0,-2.4949402799999985,-14.7910538,6.000000000000001,0.0
2325.0,-1.5014353999999988,-14.9246674,6.000000000000001,0.0
2326.0,-0.5012246369999988,-14.9916239,6.000000000000001,0.0
2327.0,0.5012246370000012,-14.9916239,6.000000000000001,0.0
2328.0,1.5014354000000014,-14.9246674,6.000000000000001,0.0
2329.0,2.494940280000001,-14.7910538,6.000000000000001,0.0
2330.0,3.477302310000001,-14.5913801,6.000000000000001,0.0
2331.0,4.444133760000001,-14.3265371,6.000000000000001,0.0
2332.0,5.391116620000001,-13.9977093,6.000000000000001,0.0
2333.0,6.314021590000001,-13.6063633,6.000000000000001,0.0
2334.0,7.208726410000001,-13.1542492,6.000000000000001,0.0
2335.0,8.07123566,-12.643384,6.000000000000002,0.0
2336.0,8.8976965,-12.076050799999999,6.000000000000002,0.0
2337.0,9.68441772,-11.454782499999999,6.000000000000002,0.0
2338.0,10.427886,-10.782355299999999,6.000000000000002,0.0
2339.0,11.1247816,-10.061771399999998,6.000000000000002,0.0
2340.0,11.7719908,-9.296248439999998,6.000000000000002,0.0
2341.0,12.3666239,-8.489206309999998,6.000000000000002,0.0
2342.0,12.906024,-7.644249439999999,6.000000000000002,0.0
2343.0,13.3877821,-6.765151979999999,6.000000000000001,0.0
2344.0,13.8097486,-5.855839249999999,6.000000000000001,0.0
2345.0,14.1700363,-4.920372959999999,6.000000000000001,0.0
2346.0,15.9137409623631,-4.359224023604451,6.000000000000001,1.4999999999999998
2347.0,16.169368256224697,-3.286568854200043,6.000000000000001,1.5000000000000002
2348.0,16.35277853272892,-2.199234719367002,6.000000000000001,1.5
2349.0,16.463153418140426,-1.102078417544936,6.000000000000001,1.5
2350.0,15.0,1.285879139104721e-15,6.000000000000001,0.0
2351.0,14.9665031,1.0018894700000014,5.000000000000001,0.0
2352.0,14.8661623,1.999304290000001,5.000000000000001,0.0
2353.0,14.6994257,2.987789870000001,5.000000000000001,0.0
2354.0,14.4670372,3.962930920000001,5.000000000000001,0.0
2355.0,14.1700363,4.920372960000001,5.000000000000001,0.0
2356.0,13.8097486,5.855839250000001,5.000000000000001,0.0
2357.0,13.3877821,6.765151980000001,5.000000000000001,0.0
2358.0,12.906024,7.644249440000001,5.0,0.0
2359.0,12.3666239,8.489206310000002,5.0,0.0
2360.0,11.7719908,9.296248440000001,5.0,0.0
2361.0,11.1247816,10.061771400000001,5.0,0.0
2362.0,10.427886,10.782355300000003,5.0,0.0
2363.0,9.68441772,11.454782500000002,5.0,0.0
2364.0,8.8976965,12.0760508,5.0,0.0
2365.0,8.07123566,12.643384,5.0,0.0
2366.0,7.208726409999999,13.1542492,4.999999999999999,0.0
2367.0,6.314021589999999,13.6063633,4.999999999999999,0.0
2368.0,5.391116619999999,13.9977093,4.999999999999999,0.0
2369.0,4.444133759999999,14.3265371,4.999999999999999,0.0
2370.0,3.4773023099999993,14.5913801,4.999999999999999,0.0
2371.0,2.4949402799999993,14.7910538,4.999999999999999,0.0
2372.0,1.5014353999999994,14.9246674,4.999999999999999,0.0
2373.0,0.5012246369999994,14.9916239,4.999999999999999,0.0
2374.0,-0.5012246370000005,14.9916239,4.999999999999999,0.0
2375.0,-1.5014354000000008,14.9246674,4.999999999999999,0.0
2376.0,-2.4949402800000002,14.7910538,4.999999999999999,0.0
2377.0,-3.4773023100000002,14.5913801,4.999999999999999,0.0
2378.0,-4.444133760000001,14.3265371,4.999999999999999,0.0
2379.0,-5.391116620000001,13.9977093,4.999999999999999,0.0
2380.0,-6.314021590000001,13.6063633,4.999999999999999,0.0
2381.0,-7.208726410000001,13.1542492,4.999999999999999,0.0
2382.0,-8.07123566,12.643384,4.999999999999998,0.0
2383.0,-8.8976965,12.0760508,4.999999999999998,0.0
2384.0,-9.68441772,11.4547825,4.999999999999998,0.0
2385.0,-10.427886,10.7823553,4.999999999999998,0.0
2386.0,-11.1247816,10.0617714,4.999999999999998,0.0
2387.0,-11.7719908,9.29624844,4.999999999999998,0.0
2388.0,-12.3666239,8.48920631,4.999999999999998,0.0
2389.0,-12.906024,7.644249439999999,4.999999999999998,0.0
2390.0,-13.3877821,6.765151979999999,4.999999999999999,0.0
2391.0,-13.8097486,5.855839249999999,4.999999999999999,0.0
2392.0,-14.1700363,4.920372959999999,4.999999999999999,0.0
2393.0,-14.4670372,3.9629309199999994,4.999999999999999,0.0
2394.0,-14.6994257,2.9877898699999994,4.999999999999999,0.0
2395.0,-14.8661623,1.9993042899999993,4.999999999999999,0.0
2396.0,-14.9665031,1.0018894699999994,4.999999999999999,0.0
2397.0,-15.0,-6.123233995736767e-16,4.999999999999999,0.0
2398.0,-14.9665031,-1.0018894700000007,4.999999999999999,0.0
2399.0,-14.8661623,-1.9993042900000007,4.999999999999999,0.0
2400.0,-14.6994257,-2.9877898700000003,4.999999999999999,0.0
2401.0,-14.4670372,-3.9629309200000002,4.999999999999999,0.0
2402.0,-14.1700363,-4.920372960000001,4.999999999999999,0.0
2403.0,-13.8097486,-5.855839250000001,4.999999999999999,0.0
2404.0,-13.3877821,-6.765151980000001,4.999999999999999,0.0
2405.0,-12.906024,-7.644249440000001,5.0,0.0
2406.0,-12.3666239,-8.48920631,5.0,0.0
2407.0,-11.7719908,-9.29624844,5.0,0.0
2408.0,-11.1247816,-10.0617714,5.0,0.0
2409.0,-10.427886,-10.7823553,5.0,0.0
2410.0,-9.68441772,-11.4547825,5.0,0.0
2411.0,-8.8976965,-12.0760508,5.0,0.0
2412.0,-8.07123566,-12.643384,5.0,0.0
2413.0,-7.208726409999999,-13.1542492,5.000000000000001,0.0
2414.0,-6.314021589999999,-13.6063633,5.000000000000001,0.0
2415.0,-5.391116619999999,-13.9977093,5.000000000000001,0.0
2416.0,-4.444133759999999,-14.3265371,5.000000000000001,0.0
2417.0,-3.4773023099999985,-14.5913801,5.000000000000001,0.0
2418.0,-2.4949402799999985,-14.7910538,5.000000000000001,0.0
2419.0,-1.501435399999999,-14.9246674,5.000000000000001,0.0
2420.0,-0.5012246369999988,-14.9916239,5.000000000000001,0.0
2421.0,0.5012246370000012,-14.9916239,5.000000000000001,0.0
2422.0,1.5014354000000012,-14.9246674,5.000000000000001,0.0
2423.0,2.494940280000001,-14.7910538,5.000000000000001,0.0
2424.0,3.477302310000001,-14.5913801,5.000000000000001,0.0
2425.0,4.444133760000001,-14.3265371,5.000000000000001,0.0
2426.0,5.391116620000001,-13.9977093,5.000000000000001,0.0
2427.0,6.314021590000001,-13.6063633,5.000000000000001,0.0
2428.0,7.208726410000001,-13.1542492,5.000000000000001,0.0
2429.0,8.07123566,-12.643384,5.000000000000002,0.0
2430.0,8.8976965,-12.0760508,5.000000000000002,0.0
2431.0,9.68441772,-11.454782499999999,5.000000000000002,0.0
2432.0,10.427886,-10.782355299999999,5.000000000000002,0.0
2433.0,11.1247816,-10.061771399999998,5.000000000000002,0.0
2434.0,11.7719908,-9.296248439999998,5.000000000000002,0.0
2435.0,12.3666239,-8.489206309999998,5.000000000000002,0.0
2436.0,12.906024,-7.644249439999999,5.000000000000002,0.0
2437.0,13.3877821,-6.765151979999999,5.000000000000001,0.0
2438.0,13.8097486,-5.855839249999999,5.000000000000001,0.0
2439.0,14.1700363,-4.920372959999999,5.000000000000001,0.0
2440.0,15.9137409623631,-4.359224023604451,5.000000000000001,1.4999999999999998
2441.0,16.169368256224697,-3.286568854200043,5.000000000000001,1.5000000000000002
2442.0,16.35277853272892,-2.199234719367002,5.000000000000001,1.5
2443.0,16.463153418140426,-1.102078417544936,5.000000000000001,1.5
2444.0,15.0,1.2246467991473533e-15,5.000000000000001,0.0
2445.0,14.9665031,1.0018894700000012,4.000000000000001,0.0
2446.0,14.8661623,1.999304290000001,4.000000000000001,0.0
2447.0,14.6994257,2.987789870000001,4.000000000000001,0.0
2448.0,14.4670372,3.962930920000001,4.000000000000001,0.0
2449.0,14.1700363,4.920372960000001,4.000000000000001,0.0
2450.0,13.8097486,5.855839250000001,4.000000000000001,0.0
2451.0,13.3877821,6.765151980000001,4.000000000000001,0.0
2452.0,12.906024,7.644249440000001,4.0,0.0
2453.0,12.3666239,8.489206310000002,4.0,0.0
2454.0,11.7719908,9.296248440000001,4.0,0.0
2455.0,11.1247816,10.061771400000001,4.0,0.0
2456.0,10.427886,10.7823553,4.0,0.0
2457.0,9.68441772,11.4547825,4.0,0.0
2458.0,8.8976965,12.0760508,4.0,0.0
2459.0,8.07123566,12.643384,4.0,0.0
2460.0,7.208726409999999,13.1542492,3.999999999999999,0.0
2461.0,6.314021589999999,13.6063633,3.999999999999999,0.0
2462.0,5.391116619999999,13.9977093,3.999999999999999,0.0
2463.0,4.444133759999999,14.3265371,3.999999999999999,0.0
2464.0,3.4773023099999993,14.5913801,3.999999999999999,0.0
2465.0,2.4949402799999993,14.7910538,3.999999999999999,0.0
2466.0,1.5014353999999994,14.9246674,3.999999999999999,0.0
2467.0,0.5012246369999993,14.9916239,3.999999999999999,0.0
2468.0,-0.5012246370000006,14.9916239,3.999999999999999,0.0
2469.0,-1.5014354000000008,14.9246674,3.999999999999999,0.0
2470.0,-2.4949402800000002,14.7910538,3.999999999999999,0.0
2471.0,-3.4773023100000002,14.5913801,3.999999999999999,0.0
2472.0,-4.444133760000001,14.3265371,3.9999999999999987,0.0
2473.0,-5.391116620000001,13.9977093,3.9999999999999987,0.0
2474.0,-6.314021590000001,13.6063633,3.9999999999999987,0.0
2475.0,-7.208726410000001,13.1542492,3.9999999999999987,0.0
2476.0,-8.07123566,12.643384,3.9999999999999987,0.0
2477.0,-8.8976965,12.0760508,3.9999999999999987,0.0
2478.0,-9.68441772,11.4547825,3.9999999999999987,0.0
2479.0,-10.427886,10.7823553,3.999999999999999,0.0
2480.0,-11.1247816,10.0617714,3.9999999999999987,0.0
2481.0,-11.7719908,9.29624844,3.9999999999999987,0.0
2482.0,-12.3666239,8.48920631,3.9999999999999987,0.0
2483.0,-12.906024,7.644249439999999,3.9999999999999987,0.0
2484.0,-13.3877821,6.765151979999999,3.9999999999999987,0.0
2485.0,-13.8097486,5.855839249999999,3.9999999999999987,0.0
2486.0,-14.1700363,4.920372959999999,3.9999999999999987,0.0
2487.0,-14.4670372,3.9629309199999994,3.9999999999999987,0.0
2488.0,-14.6994257,2.9877898699999994,3.999999999999999,0.0
2489.0,-14.8661623,1.9993042899999993,3.999999999999999,0.0
2490.0,-14.9665031,1.0018894699999994,3.999999999999999,0.0
2491.0,-15.0,-6.735557395310443e-16,3.999999999999999,0.0
2492.0,-14.9665031,-1.0018894700000007,3.999999999999999,0.0
2493.0,-14.8661623,-1.9993042900000007,3.999999999999999,0.0
2494.0,-14.6994257,-2.9877898700000003,3.999999999999999,0.0
2495.0,-14.4670372,-3.9629309200000002,3.9999999999999996,0.0
2496.0,-14.1700363,-4.920372960000001,3.9999999999999996,0.0
2497.0,-13.8097486,-5.855839250000001,3.9999999999999996,0.0
2498.0,-13.3877821,-6.765151980000001,3.9999999999999996,0.0
2499.0,-12.906024,-7.644249440000001,3.9999999999999996,0.0
2500.0,-12.3666239,-8.48920631,3.9999999999999996,0.0
2501.0,-11.7719908,-9.29624844,3.9999999999999996,0.0
2502.0,-11.1247816,-10.0617714,3.9999999999999996,0.0
2503.0,-10.427886,-10.7823553,4.0,0.0
2504.0,-9.68441772,-11.4547825,4.0,0.0
2505.0,-8.8976965,-12.0760508,4.0,0.0
2506.0,-8.07123566,-12.643384,4.0,0.0
2507.0,-7.208726409999999,-13.1542492,4.0,0.0
2508.0,-6.314021589999999,-13.6063633,4.0,0.0
2509.0,-5.391116619999999,-13.9977093,4.0,0.0
2510.0,-4.444133759999999,-14.3265371,4.0,0.0
2511.0,-3.4773023099999985,-14.5913801,4.000000000000001,0.0
2512.0,-2.4949402799999985,-14.7910538,4.000000000000001,0.0
2513.0,-1.501435399999999,-14.9246674,4.000000000000001,0.0
2514.0,-0.5012246369999989,-14.9916239,4.000000000000001,0.0
2515.0,0.5012246370000011,-14.9916239,4.000000000000001,0.0
2516.0,1.5014354000000012,-14.9246674,4.000000000000001,0.0
2517.0,2.494940280000001,-14.7910538,4.000000000000001,0.0
2518.0,3.477302310000001,-14.5913801,4.000000000000001,0.0
2519.0,4.444133760000001,-14.3265371,4.000000000000001,0.0
2520.0,5.391116620000001,-13.9977093,4.000000000000001,0.0
2521.0,6.314021590000001,-13.6063633,4.000000000000001,0.0
2522.0,7.208726410000001,-13.1542492,4.000000000000001,0.0
2523.0,8.07123566,-12.643384,4.000000000000002,0.0
2524.0,8.8976965,-12.0760508,4.000000000000002,0.0
2525.0,9.68441772,-11.4547825,4.000000000000002,0.0
2526.0,10.427886,-10.7823553,4.000000000000002,0.0
2527.0,11.1247816,-10.061771399999998,4.000000000000002,0.0
2528.0,11.7719908,-9.296248439999998,4.000000000000002,0.0
2529.0,12.3666239,-8.489206309999998,4.000000000000002,0.0
2530.0,12.906024,-7.644249439999999,4.000000000000002,0.0
2531.0,13.3877821,-6.765151979999999,4.000000000000001,0.0
2532.0,13.8097486,-5.855839249999999,4.000000000000001,0.0
2533.0,14.1700363,-4.920372959999999,4.000000000000001,0.0
2534.0,15.9137409623631,-4.359224023604451,4.000000000000001,1.4999999999999998
2535.0,16.169368256224697,-3.286568854200043,4.000000000000001,1.5000000000000002
2536.0,16.35277853272892,-2.199234719367002,4.000000000000001,1.5
2537.0,16.463153418140426,-1.1020784175449363,4.000000000000001,1.5
2538.0,15.0,1.1634144591899857e-15,4.000000000000001,0.0
2539.0,14.9665031,1.0018894700000012,3.000000000000001,0.0
2540.0,14.8661623,1.999304290000001,3.000000000000001,0.0
2541.0,14.6994257,2.9877898700000007,3.000000000000001,0.0
2542.0,14.4670372,3.9629309200000007,3.0000000000000004,0.0
2543.0,14.1700363,4.920372960000001,3.0000000000000004,0.0
2544.0,13.8097486,5.855839250000001,3.0000000000000004,0.0
2545.0,13.3877821,6.765151980000001,3.0000000000000004,0.0
2546.0,12.906024,7.644249440000001,3.0000000000000004,0.0
2547.0,12.3666239,8.489206310000002,3.0000000000000004,0.0
2548.0,11.7719908,9.296248440000001,3.0000000000000004,0.0
2549.0,11.1247816,10.0617714,3.0000000000000004,0.0
2550.0,10.427886,10.7823553,3.0,0.0
2551.0,9.68441772,11.4547825,2.9999999999999996,0.0
2552.0,8.8976965,12.0760508,2.9999999999999996,0.0
2553.0,8.07123566,12.643384,2.9999999999999996,0.0
2554.0,7.208726409999999,13.1542492,2.9999999999999996,0.0
2555.0,6.314021589999999,13.6063633,2.9999999999999996,0.0
2556.0,5.391116619999999,13.9977093,2.9999999999999996,0.0
2557.0,4.444133759999999,14.3265371,2.9999999999999996,0.0
2558.0,3.477302309999999,14.5913801,2.999999999999999,0.0
2559.0,2.494940279999999,14.7910538,2.999999999999999,0.0
2560.0,1.5014353999999994,14.9246674,2.999999999999999,0.0
2561.0,0.5012246369999993,14.9916239,2.999999999999999,0.0
2562.0,-0.5012246370000006,14.9916239,2.999999999999999,0.0
2563.0,-1.5014354000000008,14.9246674,2.999999999999999,0.0
2564.0,-2.4949402800000007,14.7910538,2.999999999999999,0.0
2565.0,-3.4773023100000007,14.5913801,2.999999999999999,0.0
2566.0,-4.444133760000001,14.3265371,2.9999999999999987,0.0
2567.0,-5.391116620000001,13.9977093,2.9999999999999987,0.0
2568.0,-6.314021590000001,13.6063633,2.9999999999999987,0.0
2569.0,-7.208726410000001,13.1542492,2.9999999999999987,0.0
2570.0,-8.07123566,12.643384,2.9999999999999987,0.0
2571.0,-8.8976965,12.0760508,2.9999999999999987,0.0
2572.0,-9.68441772,11.4547825,2.9999999999999987,0.0
2573.0,-10.427886,10.7823553,2.999999999999999,0.0
2574.0,-11.1247816,10.0617714,2.9999999999999987,0.0
2575.0,-11.7719908,9.29624844,2.9999999999999987,0.0
2576.0,-12.3666239,8.48920631,2.9999999999999987,0.0
2577.0,-12.906024,7.644249439999999,2.9999999999999987,0.0
2578.0,-13.3877821,6.765151979999999,2.9999999999999987,0.0
2579.0,-13.8097486,5.855839249999999,2.9999999999999987,0.0
2580.0,-14.1700363,4.920372959999999,2.9999999999999987,0.0
2581.0,-14.4670372,3.962930919999999,2.9999999999999987,0.0
2582.0,-14.6994257,2.987789869999999,2.999999999999999,0.0
2583.0,-14.8661623,1.9993042899999993,2.999999999999999,0.0
2584.0,-14.9665031,1.0018894699999994,2.999999999999999,0.0
2585.0,-15.0,-7.347880794884121e-16,2.999999999999999,0.0
2586.0,-14.9665031,-1.0018894700000007,2.999999999999999,0.0
2587.0,-14.8661623,-1.9993042900000007,2.999999999999999,0.0
2588.0,-14.6994257,-2.9877898700000007,2.999999999999999,0.0
2589.0,-14.4670372,-3.9629309200000007,2.9999999999999996,0.0
2590.0,-14.1700363,-4.920372960000001,2.9999999999999996,0.0
2591.0,-13.8097486,-5.855839250000001,2.9999999999999996,0.0
2592.0,-13.3877821,-6.765151980000001,2.9999999999999996,0.0
2593.0,-12.906024,-7.644249440000001,2.9999999999999996,0.0
2594.0,-12.3666239,-8.48920631,2.9999999999999996,0.0
2595.0,-11.7719908,-9.29624844,2.9999999999999996,0.0
2596.0,-11.1247816,-10.0617714,2.9999999999999996,0.0
2597.0,-10.427886,-10.7823553,3.0,0.0
2598.0,-9.68441772,-11.4547825,3.0000000000000004,0.0
2599.0,-8.8976965,-12.0760508,3.0000000000000004,0.0
2600.0,-8.07123566,-12.643384,3.0000000000000004,0.0
2601.0,-7.208726409999999,-13.1542492,3.0000000000000004,0.0
2602.0,-6.314021589999999,-13.6063633,3.0000000000000004,0.0
2603.0,-5.391116619999999,-13.9977093,3.0000000000000004,0.0
2604.0,-4.444133759999999,-14.3265371,3.0000000000000004,0.0
2605.0,-3.477302309999999,-14.5913801,3.000000000000001,0.0
2606.0,-2.494940279999999,-14.7910538,3.000000000000001,0.0
2607.0,-1.501435399999999,-14.9246674,3.000000000000001,0.0
2608.0,-0.5012246369999989,-14.9916239,3.000000000000001,0.0
2609.0,0.5012246370000011,-14.9916239,3.000000000000001,0.0
2610.0,1.5014354000000012,-14.9246674,3.000000000000001,0.0
2611.0,2.4949402800000007,-14.7910538,3.000000000000001,0.0
2612.0,3.4773023100000007,-14.5913801,3.000000000000001,0.0
2613.0,4.444133760000001,-14.3265371,3.0000000000000013,0.0
2614.0,5.391116620000001,-13.9977093,3.0000000000000013,0.0
2615.0,6.314021590000001,-13.6063633,3.0000000000000013,0.0
2616.0,7.208726410000001,-13.1542492,3.0000000000000013,0.0
2617.0,8.07123566,-12.643384,3.0000000000000013,0.0
2618.0,8.8976965,-12.0760508,3.0000000000000013,0.0
2619.0,9.68441772,-11.4547825,3.0000000000000013,0.0
2620.0,10.427886,-10.7823553,3.000000000000001,0.0
2621.0,11.1247816,-10.0617714,3.0000000000000013,0.0
2622.0,11.7719908,-9.296248439999998,3.0000000000000013,0.0
2623.0,12.3666239,-8.489206309999998,3.0000000000000013,0.0
2624.0,12.906024,-7.644249439999999,3.0000000000000013,0.0
2625.0,13.3877821,-6.765151979999999,3.0000000000000013,0.0
2626.0,13.8097486,-5.855839249999999,3.0000000000000013,0.0
2627.0,14.1700363,-4.920372959999999,3.0000000000000013,0.0
2628.0,15.9137409623631,-4.359224023604452,3.0000000000000013,1.4999999999999998
2629.0,16.169368256224697,-3.2865688542000435,3.000000000000001,1.5000000000000002
2630.0,16.35277853272892,-2.199234719367002,3.000000000000001,1.5
2631.0,16.463153418140426,-1.1020784175449363,3.000000000000001,1.5
2632.0,15.0,1.102182119232618e-15,3.000000000000001,0.0
2633.0,14.9665031,1.0018894700000012,2.000000000000001,0.0
2634.0,14.8661623,1.999304290000001,2.000000000000001,0.0
2635.0,14.6994257,2.9877898700000007,2.000000000000001,0.0
2636.0,14.4670372,3.9629309200000007,2.0000000000000004,0.0
2637.0,14.1700363,4.920372960000001,2.0000000000000004,0.0
2638.0,13.8097486,5.855839250000001,2.0000000000000004,0.0
2639.0,13.3877821,6.765151980000001,2.0000000000000004,0.0
2640.0,12.906024,7.644249440000001,2.0000000000000004,0.0
2641.0,12.3666239,8.48920631,2.0000000000000004,0.0
2642.0,11.7719908,9.29624844,2.0000000000000004,0.0
2643.0,11.1247816,10.0617714,2.0000000000000004,0.0
2644.0,10.427886,10.7823553,1.9999999999999998,0.0
2645.0,9.68441772,11.4547825,1.9999999999999998,0.0
2646.0,8.8976965,12.0760508,1.9999999999999998,0.0
2647.0,8.07123566,12.643384,1.9999999999999998,0.0
2648.0,7.208726409999999,13.1542492,1.9999999999999996,0.0
2649.0,6.314021589999999,13.6063633,1.9999999999999996,0.0
2650.0,5.391116619999999,13.9977093,1.9999999999999996,0.0
2651.0,4.444133759999999,14.3265371,1.9999999999999996,0.0
2652.0,3.477302309999999,14.5913801,1.9999999999999991,0.0
2653.0,2.494940279999999,14.7910538,1.9999999999999991,0.0
2654.0,1.5014353999999994,14.9246674,1.9999999999999991,0.0
2655.0,0.5012246369999992,14.9916239,1.9999999999999991,0.0
2656.0,-0.5012246370000008,14.9916239,1.9999999999999991,0.0
2657.0,-1.5014354000000008,14.9246674,1.9999999999999991,0.0
2658.0,-2.4949402800000007,14.7910538,1.999999999999999,0.0
2659.0,-3.4773023100000007,14.5913801,1.999999999999999,0.0
2660.0,-4.444133760000001,14.3265371,1.999999999999999,0.0
2661.0,-5.391116620000001,13.9977093,1.999999999999999,0.0
2662.0,-6.314021590000001,13.6063633,1.9999999999999987,0.0
2663.0,-7.208726410000001,13.1542492,1.9999999999999987,0.0
2664.0,-8.07123566,12.643384,1.999999999999999,0.0
2665.0,-8.8976965,12.0760508,1.999999999999999,0.0
2666.0,-9.68441772,11.4547825,1.9999999999999987,0.0
2667.0,-10.427886,10.7823553,1.9999999999999987,0.0
2668.0,-11.1247816,10.0617714,1.9999999999999987,0.0
2669.0,-11.7719908,9.29624844,1.9999999999999987,0.0
2670.0,-12.3666239,8.48920631,1.999999999999999,0.0
2671.0,-12.906024,7.644249439999999,1.9999999999999987,0.0
2672.0,-13.3877821,6.765151979999999,1.9999999999999987,0.0
2673.0,-13.8097486,5.855839249999999,1.9999999999999987,0.0
2674.0,-14.1700363,4.920372959999999,1.999999999999999,0.0
2675.0,-14.4670372,3.962930919999999,1.999999999999999,0.0
2676.0,-14.6994257,2.987789869999999,1.999999999999999,0.0
2677.0,-14.8661623,1.999304289999999,1.999999999999999,0.0
2678.0,-14.9665031,1.0018894699999992,1.9999999999999991,0.0
2679.0,-15.0,-7.960204194457796e-16,1.9999999999999991,0.0
2680.0,-14.9665031,-1.001889470000001,1.9999999999999991,0.0
2681.0,-14.8661623,-1.9993042900000009,1.9999999999999993,0.0
2682.0,-14.6994257,-2.9877898700000007,1.9999999999999993,0.0
2683.0,-14.4670372,-3.9629309200000007,1.9999999999999993,0.0
2684.0,-14.1700363,-4.920372960000001,1.9999999999999993,0.0
2685.0,-13.8097486,-5.855839250000001,1.9999999999999996,0.0
2686.0,-13.3877821,-6.765151980000001,1.9999999999999996,0.0
2687.0,-12.906024,-7.644249440000001,1.9999999999999996,0.0
2688.0,-12.3666239,-8.48920631,1.9999999999999998,0.0
2689.0,-11.7719908,-9.29624844,2.0,0.0
2690.0,-11.1247816,-10.0617714,2.0,0.0
2691.0,-10.427886,-10.7823553,2.0,0.0
2692.0,-9.68441772,-11.4547825,2.0,0.0
2693.0,-8.8976965,-12.0760508,2.0000000000000004,0.0
2694.0,-8.07123566,-12.643384,2.0000000000000004,0.0
2695.0,-7.208726409999999,-13.1542492,2.0000000000000004,0.0
2696.0,-6.314021589999999,-13.6063633,2.0000000000000004,0.0
2697.0,-5.391116619999999,-13.9977093,2.0000000000000004,0.0
2698.0,-4.444133759999999,-14.3265371,2.0000000000000004,0.0
2699.0,-3.477302309999999,-14.5913801,2.000000000000001,0.0
2700.0,-2.494940279999999,-14.7910538,2.000000000000001,0.0
2701.0,-1.501435399999999,-14.9246674,2.000000000000001,0.0
2702.0,-0.501224636999999,-14.9916239,2.000000000000001,0.0
2703.0,0.501224637000001,-14.9916239,2.000000000000001,0.0
2704.0,1.5014354000000012,-14.9246674,2.000000000000001,0.0
2705.0,2.4949402800000007,-14.7910538,2.000000000000001,0.0
2706.0,3.4773023100000007,-14.5913801,2.000000000000001,0.0
2707.0,4.444133760000001,-14.3265371,2.0000000000000013,0.0
2708.0,5.391116620000001,-13.9977093,2.0000000000000013,0.0
2709.0,6.314021590000001,-13.6063633,2.0000000000000013,0.0
2710.0,7.208726410000001,-13.1542492,2.0000000000000013,0.0
2711.0,8.07123566,-12.643384,2.0000000000000013,0.0
2712.0,8.8976965,-12.0760508,2.0000000000000013,0.0
2713.0,9.68441772,-11.4547825,2.0000000000000013,0.0
2714.0,10.427886,-10.7823553,2.000000000000001,0.0
2715.0,11.1247816,-10.0617714,2.0000000000000013,0.0
2716.0,11.7719908,-9.29624844,2.0000000000000013,0.0
2717.0,12.3666239,-8.48920631,2.0000000000000013,0.0
2718.0,12.906024,-7.644249439999999,2.0000000000000013,0.0
2719.0,13.3877821,-6.765151979999999,2.0000000000000013,0.0
2720.0,13.8097486,-5.855839249999999,2.0000000000000013,0.0
2721.0,14.1700363,-4.920372959999999,2.0000000000000013,0.0
2722.0,15.9137409623631,-4.359224023604452,2.0000000000000013,1.4999999999999998
2723.0,16.169368256224697,-3.2865688542000435,2.000000000000001,1.5000000000000002
2724.0,16.35277853272892,-2.199234719367002,2.000000000000001,1.5
2725.0,16.463153418140426,-1.1020784175449363,2.000000000000001,1.5
2726.0,15.0,1.0409497792752503e-15,2.000000000000001,0.0
2727.0,14.9665031,1.001889470000001,1.0000000000000009,0.0
2728.0,14.8661623,1.9993042900000009,1.0000000000000007,0.0
2729.0,14.6994257,2.9877898700000007,1.0000000000000007,0.0
2730.0,14.4670372,3.9629309200000007,1.0000000000000007,0.0
2731.0,14.1700363,4.920372960000001,1.0000000000000007,0.0
2732.0,13.8097486,5.855839250000001,1.0000000000000004,0.0
2733.0,13.3877821,6.765151980000001,1.0000000000000004,0.0
2734.0,12.906024,7.644249440000001,1.0000000000000004,0.0
2735.0,12.3666239,8.48920631,1.0000000000000002,0.0
2736.0,11.7719908,9.29624844,1.0,0.0
2737.0,11.1247816,10.0617714,1.0,0.0
2738.0,10.427886,10.7823553,1.0,0.0
2739.0,9.68441772,11.4547825,1.0,0.0
2740.0,8.8976965,12.0760508,0.9999999999999997,0.0
2741.0,8.07123566,12.643384,0.9999999999999997,0.0
2742.0,7.208726409999999,13.1542492,0.9999999999999997,0.0
2743.0,6.314021589999999,13.6063633,0.9999999999999996,0.0
2744.0,5.391116619999999,13.9977093,0.9999999999999993,0.0
2745.0,4.444133759999999,14.3265371,0.9999999999999993,0.0
2746.0,3.477302309999999,14.5913801,0.9999999999999993,0.0
2747.0,2.494940279999999,14.7910538,0.9999999999999993,0.0
2748.0,1.5014353999999992,14.9246674,0.9999999999999991,0.0
2749.0,0.5012246369999992,14.9916239,0.9999999999999991,0.0
2750.0,-0.5012246370000008,14.9916239,0.9999999999999991,0.0
2751.0,-1.501435400000001,14.9246674,0.999999999999999,0.0
2752.0,-2.4949402800000007,14.7910538,0.999999999999999,0.0
2753.0,-3.4773023100000007,14.5913801,0.9999999999999989,0.0
2754.0,-4.444133760000001,14.3265371,0.9999999999999989,0.0
2755.0,-5.391116620000001,13.9977093,0.9999999999999988,0.0
2756.0,-6.314021590000001,13.6063633,0.9999999999999988,0.0
2757.0,-7.208726410000001,13.1542492,0.9999999999999988,0.0
2758.0,-8.07123566,12.643384,0.9999999999999988,0.0
2759.0,-8.8976965,12.0760508,0.9999999999999987,0.0
2760.0,-9.68441772,11.4547825,0.9999999999999988,0.0
2761.0,-10.427886,10.7823553,0.9999999999999987,0.0
2762.0,-11.1247816,10.0617714,0.9999999999999987,0.0
2763.0,-11.7719908,9.29624844,0.9999999999999988,0.0
2764.0,-12.3666239,8.48920631,0.9999999999999987,0.0
2765.0,-12.906024,7.644249439999999,0.9999999999999988,0.0
2766.0,-13.3877821,6.765151979999999,0.9999999999999988,0.0
2767.0,-13.8097486,5.855839249999999,0.9999999999999988,0.0
2768.0,-14.1700363,4.920372959999999,0.9999999999999988,0.0
2769.0,-14.4670372,3.962930919999999,0.9999999999999989,0.0
2770.0,-14.6994257,2.987789869999999,0.9999999999999989,0.0
2771.0,-14.8661623,1.999304289999999,0.999999999999999,0.0
2772.0,-14.9665031,1.0018894699999992,0.999999999999999,0.0
2773.0,-15.0,-8.572527594031473e-16,0.9999999999999991,0.0
2774.0,-14.9665031,-1.001889470000001,0.9999999999999992,0.0
2775.0,-14.8661623,-1.9993042900000009,0.9999999999999992,0.0
2776.0,-14.6994257,-2.9877898700000007,0.9999999999999993,0.0
2777.0,-14.4670372,-3.9629309200000007,0.9999999999999993,0.0
2778.0,-14.1700363,-4.920372960000001,0.9999999999999994,0.0
2779.0,-13.8097486,-5.855839250000001,0.9999999999999994,0.0
2780.0,-13.3877821,-6.765151980000001,0.9999999999999997,0.0
2781.0,-12.906024,-7.644249440000001,0.9999999999999997,0.0
2782.0,-12.3666239,-8.48920631,0.9999999999999998,0.0
2783.0,-11.7719908,-9.29624844,0.9999999999999999,0.0
2784.0,-11.1247816,-10.0617714,1.0,0.0
2785.0,-10.427886,-10.7823553,1.0,0.0
2786.0,-9.68441772,-11.4547825,1.0000000000000002,0.0
2787.0,-8.8976965,-12.0760508,1.0000000000000002,0.0
2788.0,-8.07123566,-12.643384,1.0000000000000002,0.0
2789.0,-7.208726409999999,-13.1542492,1.0000000000000004,0.0
2790.0,-6.314021589999999,-13.6063633,1.0000000000000004,0.0
2791.0,-5.391116619999999,-13.9977093,1.0000000000000004,0.0
2792.0,-4.444133759999999,-14.3265371,1.0000000000000007,0.0
2793.0,-3.477302309999999,-14.5913801,1.0000000000000007,0.0
2794.0,-2.494940279999999,-14.7910538,1.0000000000000009,0.0
2795.0,-1.5014353999999992,-14.9246674,1.0000000000000009,0.0
2796.0,-0.501224636999999,-14.9916239,1.0000000000000009,0.0
2797.0,0.501224637000001,-14.9916239,1.0000000000000009,0.0
2798.0,1.501435400000001,-14.9246674,1.0000000000000009,0.0
2799.0,2.4949402800000007,-14.7910538,1.000000000000001,0.0
2800.0,3.4773023100000007,-14.5913801,1.000000000000001,0.0
2801.0,4.444133760000001,-14.3265371,1.000000000000001,0.0
2802.0,5.391116620000001,-13.9977093,1.000000000000001,0.0
2803.0,6.314021590000001,-13.6063633,1.0000000000000013,0.0
2804.0,7.208726410000001,-13.1542492,1.0000000000000013,0.0
2805.0,8.07123566,-12.643384,1.000000000000001,0.0
2806.0,8.8976965,-12.0760508,1.000000000000001,0.0
2807.0,9.68441772,-11.4547825,1.0000000000000013,0.0
2808.0,10.427886,-10.7823553,1.0000000000000013,0.0
2809.0,11.1247816,-10.0617714,1.0000000000000013,0.0
2810.0,11.7719908,-9.29624844,1.0000000000000013,0.0
2811.0,12.3666239,-8.48920631,1.000000000000001,0.0
2812.0,12.906024,-7.644249439999999,1.0000000000000013,0.0
2813.0,13.3877821,-6.765151979999999,1.0000000000000013,0.0
2814.0,13.8097486,-5.855839249999999,1.0000000000000013,0.0
2815.0,14.1700363,-4.920372959999999,1.000000000000001,0.0
2816.0,15.9137409623631,-4.359224023604452,1.000000000000001,1.4999999999999998
2817.0,16.169368256224697,-3.2865688542000435,1.000000000000001,1.5000000000000002
2818.0,16.35277853272892,-2.1992347193670025,1.000000000000001,1.5
2819.0,16.463153418140426,-1.1020784175449365,1.0000000000000009,1.5
2820.0,15.0,9.797174393178826e-16,1.0000000000000009,0.0
2821.0,14.9665031,1.001889470000001,8.550859691654501e-16,0.0
2822.0,14.8661623,1.9993042900000009,7.87867823851499e-16,0.0
2823.0,14.6994257,2.9877898700000007,7.1713086659944785e-16,0.0
2824.0,14.4670372,3.9629309200000007,6.431910066852806e-16,0.0
2825.0,14.1700363,4.920372960000001,5.663785301260808e-16,0.0
2826.0,13.8097486,5.855839250000001,4.870364813092852e-16,0.0
2827.0,13.3877821,6.765151980000001,4.055191389197427e-16,0.0
2828.0,12.906024,7.644249440000001,3.2219076863694866e-16,0.0
2829.0,12.3666239,8.48920631,2.374233520275573e-16,0.0
2830.0,11.7719908,9.29624844,1.5159549783437571e-16,0.0
2831.0,11.1247816,10.0617714,6.50906019445494e-17,0.0
2832.0,10.427886,10.7823553,-2.170498468205012e-17,0.0
2833.0,9.68441772,11.4547825,-1.0840357805751034e-16,0.0
2834.0,8.8976965,12.0760508,-1.9461807100256135e-16,0.0
2835.0,8.07123566,12.643384,-2.7996334149039423e-16,0.0
2836.0,7.208726409999999,13.1542492,-3.6405827270155713e-16,0.0
2837.0,6.314021589999999,13.6063633,-4.465271466720118e-16,0.0
2838.0,5.391116619999999,13.9977093,-5.27001808856352e-16,0.0
2839.0,4.444133759999999,14.3265371,-6.051226809107056e-16,0.0
2840.0,3.477302309999999,14.5913801,-6.805409895499095e-16,0.0
2841.0,2.494940279999999,14.7910538,-7.529198032110247e-16,0.0
2842.0,1.5014353999999992,14.9246674,-8.219359051506163e-16,0.0
2843.0,0.5012246369999991,14.9916239,-8.872810537900058e-16,0.0
2844.0,-0.5012246370000009,14.9916239,-9.486633685255903e-16,0.0
2845.0,-1.501435400000001,14.9246674,-1.0058087108242688e-15,0.0
2846.0,-2.4949402800000007,14.7910538,-1.0584618660076048e-15,0.0
2847.0,-3.4773023100000007,14.5913801,-1.1063877039108293e-15,0.0
2848.0,-4.444133760000001,14.3265371,-1.1493720993273748e-15,0.0
2849.0,-5.391116620000001,13.9977093,-1.1872231801076618e-15,0.0
2850.0,-6.314021590000001,13.6063633,-1.21977177966609e-15,0.0
2851.0,-7.208726410000001,13.1542492,-1.246872645095106e-15,0.0
2852.0,-8.07123566,12.643384,-1.2684046331086916e-15,0.0
2853.0,-8.8976965,12.0760508,-1.2842716248535221e-15,0.0
2854.0,-9.68441772,11.4547825,-1.2944026942979014e-15,0.0
2855.0,-10.427886,10.7823553,-1.2987527058593998e-15,0.0
2856.0,-11.1247816,10.0617714,-1.2973022158207877e-15,0.0
2857.0,-11.7719908,9.29624844,-1.2900575874468333e-15,0.0
2858.0,-12.3666239,8.48920631,-1.2770512855118586e-15,0.0
2859.0,-12.906024,7.644249439999999,-1.2583413294949435e-15,0.0
2860.0,-13.3877821,6.765151979999999,-1.2340113107249806e-15,0.0
2861.0,-13.8097486,5.855839249999999,-1.204169960692679e-15,0.0
2862.0,-14.1700363,4.920372959999999,-1.1689504297335996e-15,0.0
2863.0,-14.4670372,3.962930919999999,-1.1285100733272882e-15,0.0
2864.0,-14.6994257,2.987789869999999,-1.0830295966814864e-15,0.0
2865.0,-14.8661623,1.999304289999999,-1.032711983778506e-15,0.0
2866.0,-14.9665031,1.0018894699999992,-9.777820424189439e-16,0.0
2867.0,-15.0,-9.18485099360515e-16,-9.18485099360515e-16,0.0
2868.0,-14.9665031,-1.001889470000001,-8.550859691654501e-16,0.0
2869.0,-14.8661623,-1.9993042900000009,-7.87867823851499e-16,0.0
2870.0,-14.6994257,-2.9877898700000007,-7.1713086659944785e-16,0.0
2871.0,-14.4670372,-3.9629309200000007,-6.431910066852806e-16,0.0
2872.0,-14.1700363,-4.920372960000001,-5.663785301260808e-16,0.0
2873.0,-13.8097486,-5.855839250000001,-4.870364813092852e-16,0.0
2874.0,-13.3877821,-6.765151980000001,-4.055191389197427e-16,0.0
2875.0,-12.906024,-7.644249440000001,-3.2219076863694866e-16,0.0
2876.0,-12.3666239,-8.48920631,-2.374233520275573e-16,0.0
2877.0,-11.7719908,-9.29624844,-1.5159549783437571e-16,0.0
2878.0,-11.1247816,-10.0617714,-6.50906019445494e-17,0.0
2879.0,-10.427886,-10.7823553,2.170498468205012e-17,0.0
2880.0,-9.68441772,-11.4547825,1.0840357805751034e-16,0.0
2881.0,-8.8976965,-12.0760508,1.9461807100256135e-16,0.0
2882.0,-8.07123566,-12.643384,2.7996334149039423e-16,0.0
2883.0,-7.208726409999999,-13.1542492,3.6405827270155713e-16,0.0
2884.0,-6.314021589999999,-13.6063633,4.465271466720118e-16,0.0
2885.0,-5.391116619999999,-13.9977093,5.27001808856352e-16,0.0
2886.0,-4.444133759999999,-14.3265371,6.051226809107056e-16,0.0
2887.0,-3.477302309999999,-14.5913801,6.805409895499095e-16,0.0
2888.0,-2.494940279999999,-14.7910538,7.529198032110247e-16,0.0
2889.0,-1.5014353999999992,-14.9246674,8.219359051506163e-16,0.0
2890.0,-0.5012246369999991,-14.9916239,8.872810537900058e-16,0.0
2891.0,0.5012246370000009,-14.9916239,9.486633685255903e-16,0.0
2892.0,1.501435400000001,-14.9246674,1.0058087108242688e-15,0.0
2893.0,2.4949402800000007,-14.7910538,1.0584618660076048e-15,0.0
2894.0,3.4773023100000007,-14.5913801,1.1063877039108293e-15,0.0
2895.0,4.444133760000001,-14.3265371,1.1493720993273748e-15,0.0
2896.0,5.391116620000001,-13.9977093,1.1872231801076618e-15,0.0
2897.0,6.314021590000001,-13.6063633,1.21977177966609e-15,0.0
2898.0,7.208726410000001,-13.1542492,1.246872645095106e-15,0.0
2899.0,8.07123566,-12.643384,1.2684046331086916e-15,0.0
2900.0,8.8976965,-12.0760508,1.2842716248535221e-15,0.0
2901.0,9.68441772,-11.4547825,1.2944026942979014e-15,0.0
2902.0,10.427886,-10.7823553,1.2987527058593998e-15,0.0
2903.0,11.1247816,-10.0617714,1.2973022158207877e-15,0.0
2904.0,11.7719908,-9.29624844,1.2900575874468333e-15,0.0
2905.0,12.3666239,-8.48920631,1.2770512855118586e-15,0.0
2906.0,12.906024,-7.644249439999999,1.2583413294949435e-15,0.0
2907.0,13.3877821,-6.765151979999999,1.2340113107249806e-15,0.0
2908.0,13.8097486,-5.855839249999999,1.204169960692679e-15,0.0
2909.0,14.1700363,-4.920372959999999,1.1689504297335996e-15,0.0
2910.0,15.9137409623631,-4.359224023604452,1.1285100733272882e-15,1.4999999999999998
2911.0,16.169368256224697,-3.2865688542000435,1.0830295966814864e-15,1.5000000000000002
2912.0,16.35277853272892,-2.1992347193670025,1.032711983778506e-15,1.5
2913.0,16.463153418140426,-1.1020784175449365,9.777820424189439e-16,1.5
2914.0,15.0,9.18485099360515e-16,9.18485099360515e-16,0.0
